   -0.18698057
   -0.02668114
   -0.07057078
   -0.10396063
    0.36444457
   -0.63554219
   -0.62424093
    0.30745989
    0.27133656
    0.09753535
    0.09652993
    0.04908493
    0.05973723
    0.04592367
    0.02408211
    0.28683593
   -0.67333719
    0.34334080
    0.35656807
   -0.66917111
    0.33921482
    0.33266694
   -0.70761819
    0.34171150
    0.33087897
   -0.70541820
    0.36309411
    0.36504754
   -0.64753561
    0.32456174
    0.32204583
   -0.67480273
    0.33215534
    0.32662833
   -0.68374702
    0.36191191
    0.36681021
