   -0.17957051
   -0.02897137
   -0.06921722
   -0.10267376
    0.36391523
   -0.64503825
   -0.65628422
    0.28784064
    0.31720121
    0.10479805
    0.08985354
    0.04664934
    0.07624812
    0.04488395
    0.02731650
    0.30372603
   -0.66062941
    0.30998968
    0.33267391
   -0.66604238
    0.31579286
    0.34701746
   -0.69711025
    0.36215926
    0.35749201
   -0.66099413
    0.35989488
    0.34074551
   -0.67043726
    0.33253149
    0.32405017
   -0.69748343
    0.33371821
    0.35564951
   -0.68136513
    0.35272125
    0.32894850
