           1           2  0.980581217141599     
           2           3   1.00740673484102     
           3           4  0.992843555805136     
           4           5  0.936070622952683     
           5           6   1.52976525996815     
           5           7   1.42330648725171     
           6           7  0.199663933948955     
           1           8  0.901665890736909     
           1           9  0.781396656552006     
           2          10  0.966743725046543     
           2          11  0.969633860375868     
           3          12  0.975369482326892     
           3          13  0.969160287939593     
           4          14  0.973571252520816     
           4          15  0.978036528426428     
           1          16  0.894444128804591     
          17          18  0.861482283197052     
          17          19  0.829640589662982     
          20          21  0.849421116446377     
          20          22  0.864662964223135     
          23          24  0.866905053894153     
          23          25  0.870780324373865     
           9          26  0.104289826680482     
          26          27  0.865244686967086     
          26          28  0.828816495192204     
          29          30  0.844292052839311     
          29          31  0.861300839179437     
          32          33  0.833762398261674     
          32          34  0.870391687430817     
          35          36  0.870813504913237     
          35          37  0.837096166228786     
