   -0.18914151
   -0.02045241
   -0.07736371
   -0.10043591
    0.36619677
   -0.62247116
   -0.63103622
    0.29848937
    0.28174864
    0.09656632
    0.07962603
    0.07336243
    0.06510426
    0.04403723
    0.03934578
    0.30702500
   -0.66480480
    0.34017964
    0.36172215
   -0.66225905
    0.32905770
    0.36104329
   -0.69479308
    0.35883909
    0.31772790
   -0.67050551
    0.30927533
    0.35412847
   -0.68463435
    0.31118634
    0.32390638
   -0.67792976
    0.35351168
    0.32667847
   -0.66653944
    0.34979985
    0.31380878
