           1           2  0.985639000049370     
           2           3   1.00974892151175     
           3           4  0.994998932013315     
           4           5  0.950216679572923     
           5           6   1.47792555286862     
           5           7   1.44802011136712     
           6           7  0.193875450646292     
           1           8  0.824733289939063     
           1           9  0.905980806928947     
           2          10  0.965827452926897     
           2          11  0.969564861774310     
           3          12  0.967714352644914     
           3          13  0.972367775735821     
           4          14  0.977780644118196     
           4          15  0.963570634450743     
           1          16  0.802272447282055     
          17          18  0.838199908997245     
          17          19  0.866332502025413     
          20          21  0.851373373672520     
          20          22  0.865185510903195     
          23          24  0.869161280692940     
          23          25  0.845095043686050     
          26          27  0.851569121233342     
          26          28  0.870407899474819     
          29          30  0.862794859386533     
          29          31  0.865483146965449     
          32          33  0.871199879343361     
          32          34  0.849313588073557     
          35          36  0.873061570603378     
          35          37  0.853764270371593     
