           1           2  0.984366148167028     
           2           3   1.01046779249539     
           3           4  0.991608416657466     
           4           5  0.944010436771607     
           5           6   1.48075633000623     
           5           7   1.46601400003448     
           6           7  0.202563716414799     
           1           8  0.911429099760240     
           1           9  0.812718060620404     
           2          10  0.961043868822616     
           2          11  0.972231182576913     
           3          12  0.975772783899359     
           3          13  0.964441489850696     
           4          14  0.976304266051878     
           4          15  0.972973952347059     
           1          16  0.813247145142799     
          17          18  0.862774092592299     
          17          19  0.847596785191533     
          20          21  0.883914241634393     
          20          22  0.847845899630972     
          23          24  0.872258266263764     
          23          25  0.867112772139355     
          26          27  0.852329542913966     
          26          28  0.862631560255397     
          29          30  0.874466637698698     
          29          31  0.868116835319515     
          32          33  0.868839540310611     
          32          34  0.853500116549166     
          35          36  0.875922688412727     
          35          37  0.837028308507933     
