    0.08810576
   -0.01846039
    0.29007208
    0.09739318
   -0.19040042
    0.06408861
   -0.11852908
   -0.62003871
    0.36537587
    0.28057937
   -0.65116225
    0.29317332
    0.06287888
   -0.68693707
    0.35133852
    0.31564856
   -0.67203582
    0.33067340
    0.34099212
   -0.69779915
    0.34585000
    0.35594110
   -0.69836675
    0.35704247
    0.36424013
   -0.66675598
    0.36330911
    0.36475878
   -0.69692713
    0.31671431
    0.35260088
   -0.68074262
    0.34805708
    0.34932184
