           1           2  0.966343609345643     
           2           4  0.968984586140804     
           2           5  0.982890881342451     
           3           5  0.849695855198407     
           2           7   1.01072864984565     
           6           7  0.965817230424983     
           7           9  0.942475871647863     
           8           9   1.48075367647667     
           5          10  0.846995994098422     
           8          11  0.198865599781371     
           9          11   1.46936662974413     
           5          12  0.821981581530394     
           7          13  0.955450950244136     
          14          15  0.872790729614086     
          14          16  0.833009708509552     
          17          18  0.856020067951578     
          17          19  0.852170496336409     
          20          21  0.879914554571615     
          20          22  0.872871916446070     
          23          24  0.870040586474788     
          23          25  0.865149905732760     
          26          27  0.864412645647366     
          26          28  0.863480735219728     
          29          30  0.857622297021557     
          29          31  0.875335096113604     
          32          33  0.875622273450960     
          32          34  0.816846531071915     
