    0.07147918
   -0.01289993
    0.30554212
    0.09812976
   -0.19984037
    0.03884730
   -0.11509593
   -0.63315024
    0.36301519
    0.27654856
   -0.66214103
    0.28622887
    0.05846154
   -0.67942028
    0.36471238
    0.36744806
   -0.71822523
    0.35524585
    0.36297940
   -0.68962719
    0.35726981
    0.34408121
   -0.66601675
    0.34504589
    0.34147336
   -0.66896489
    0.35711801
    0.34099606
   -0.68602624
    0.33868411
    0.34326444
   -0.66845077
    0.34349860
    0.33978914
