           1           2  0.973166656486170     
           2           4  0.967373683818401     
           2           5  0.989433291346758     
           3           5  0.794382254159209     
           2           7   1.01008467984337     
           6           7  0.975286382482317     
           7           9  0.929562691317172     
           8           9   1.45898040839611     
           5          10  0.851474338613392     
           8          11  0.207600942327367     
           9          11   1.51333453228257     
           5          12  0.842989451776022     
           7          13  0.959632016908140     
          14          15  0.863166628511597     
          14          16  0.862029109177482     
          17          18  0.873685513812834     
          17          19  0.868131084367751     
          20          21  0.870134309176872     
          20          22  0.844559044952279     
          23          24  0.878037443832733     
          23          25  0.845007397274956     
          26          27  0.868274224012142     
          26          28  0.843267352855486     
          29          30  0.833421785147753     
          29          31  0.878263269345929     
           3          32  0.101418809335635     
          32          33  0.837908135738196     
          32          34  0.837355923680248     
