   -0.12110761
    0.36338882
   -0.63826068
   -0.63426795
   -0.01643851
   -0.18707179
    0.09008098
    0.04459615
    0.08890143
    0.08487555
    0.28360123
    0.30774298
    0.29708686
   -0.70516387
    0.36312353
    0.36573627
   -0.67325616
    0.31786364
    0.35498820
   -0.68186692
    0.36512436
    0.36095611
   -0.67014337
    0.33917164
    0.34028286
   -0.64668092
    0.33814346
    0.32542875
   -0.70015453
    0.35178674
    0.32043700
   -0.69774788
    0.32038671
    0.34845691
