           1           2  0.938446472838203     
           2           3   1.54065240951134     
           2           4   1.41474473623585     
           3           4  0.201815697980303     
           1           5   1.00453850119910     
           5           6  0.986645485754493     
           1           7  0.947515629410084     
           1           8  0.979623303974147     
           5           9  0.972511733441331     
           5          10  0.968706631340404     
           6          11  0.905190294851716     
           6          12  0.787667692915006     
           6          13  0.838787213267635     
          14          15  0.864504856323633     
          14          16  0.863215493879794     
          17          18  0.820785193779817     
          17          19  0.871868619594604     
          20          21  0.864083693155921     
          20          22  0.865394328339943     
          23          24  0.848494930906948     
          23          25  0.882044398240898     
          12          26  0.104579192895603     
          26          27  0.840470637919563     
          26          28  0.848599675010059     
          29          30  0.876123927213018     
          29          31  0.858983348234894     
          32          33  0.857669866275666     
          32          34  0.878447116293929     
