   -0.11838212
    0.36453856
   -0.66268049
   -0.64166542
   -0.01390325
   -0.18680293
    0.06398743
    0.06513031
    0.07817988
    0.08355413
    0.28029099
    0.29621661
    0.29851442
   -0.67389336
    0.32359220
    0.35280385
   -0.65701983
    0.35909108
    0.33936250
   -0.68089865
    0.31359376
    0.34846874
   -0.68456645
    0.35522572
    0.36859482
   -0.68925688
    0.36063656
    0.32429112
   -0.67690839
    0.34926812
    0.34829948
   -0.69071387
    0.34720613
    0.35584524
