           1           2  0.932272269212032     
           2           3   1.43756851898235     
           2           4   1.52175765056792     
           3           4  0.201905155751091     
           1           5   1.01269467361225     
           5           6  0.989133392730550     
           1           7  0.970971906988105     
           1           8  0.954697457515743     
           5           9  0.967553969238426     
           5          10  0.971245627335204     
           6          11  0.854617726875576     
           6          12  0.831881897471269     
           6          13  0.820800624633765     
          14          15  0.848185980638014     
          14          16  0.870052610488121     
          17          18  0.864345482431905     
          17          19  0.833848565296499     
          20          21  0.825521898432753     
          20          22  0.874863191956176     
          23          24  0.871344516270571     
          23          25  0.861546282559059     
          26          27  0.865832088790541     
          26          28  0.843355661463508     
          29          30  0.874567048298569     
          29          31  0.825631959845816     
          32          33  0.841981275085124     
          32          34  0.870532559219914     
