   -0.18359911
   -0.02592476
   -0.07964511
   -0.10402068
    0.36359184
   -0.62663953
   -0.67375289
    0.29334906
    0.28909988
    0.09574752
    0.08694722
    0.06958550
    0.06348688
    0.04575328
    0.04610740
    0.30326564
   -0.67056518
    0.35586129
    0.35720727
   -0.68668914
    0.35612601
    0.35503420
   -0.66799955
    0.34074978
    0.35811924
   -0.66904689
    0.32954328
    0.34233523
   -0.67946139
    0.34043186
    0.30773793
   -0.68783715
    0.34866182
    0.30279732
   -0.65498520
    0.31699253
    0.34163458
