           1           2  0.985714073882753     
           2           3   1.00901059266306     
           3           4   1.01050294571471     
           4           5  0.944695223959168     
           5           6   1.51828559900031     
           5           7   1.41196562071321     
           6           7  0.189882098306722     
           1           8  0.852949273790372     
           1           9  0.856849266080037     
           2          10  0.966731240196620     
           2          11  0.970212482998374     
           3          12  0.965484222139071     
           3          13  0.969445900852204     
           4          14  0.962762464434194     
           4          15  0.959447282841890     
           1          16  0.824262146429504     
          17          18  0.871946308864169     
          17          19  0.868361095668367     
          20          21  0.870538347486833     
          20          22  0.870679526846868     
          23          24  0.849863467294038     
          23          25  0.868270762382824     
          26          27  0.845833722250193     
          26          28  0.876809443015363     
          29          30  0.882030183960270     
          29          31  0.860463397862586     
          32          33  0.877995495668647     
          32          34  0.854606254946972     
          35          36  0.872203237711171     
          35          37  0.866624775550132     
