    0.07972866
   -0.01576644
    0.29551925
    0.09828988
   -0.18561362
    0.04886873
   -0.11718154
   -0.62562585
    0.36353453
    0.28775467
   -0.63983019
    0.29154083
    0.06856650
   -0.68106255
    0.35712700
    0.36896943
   -0.70125612
    0.34826430
    0.32745136
   -0.68977528
    0.33061815
    0.35232855
   -0.68446090
    0.35736988
    0.31946450
   -0.70350813
    0.32987919
    0.35178578
   -0.68783261
    0.35960130
    0.36657904
   -0.70106199
    0.36431178
    0.36542192
