           1           2  0.972522243485123     
           2           4  0.968349408740159     
           2           5  0.984410621475645     
           3           5  0.848531940056058     
           2           7   1.00935543361808     
           6           7  0.974796530685350     
           7           9  0.935841852990438     
           8           9   1.41941779301044     
           5          10  0.836025112372512     
           8          11  0.203292316528251     
           9          11   1.54010058804098     
           5          12  0.842201871664444     
           7          13  0.957203013316661     
          14          15  0.869960512126588     
          14          16  0.860862731314022     
          17          18  0.878598900040027     
          17          19  0.856801242878767     
          20          21  0.849670033022477     
          20          22  0.872581598074290     
          23          24  0.869611521101657     
          23          25  0.848706666626719     
          26          27  0.860236143273176     
          26          28  0.876076328082199     
          29          30  0.867260278815898     
          29          31  0.861268942102513     
          32          33  0.865623349412237     
          32          34  0.864644508110332     
