    0.09778659
   -0.02016830
    0.30409521
    0.09006612
   -0.19327104
    0.04305926
   -0.11504110
   -0.63562057
    0.36475034
    0.27810078
   -0.64719446
    0.28647243
    0.05780276
   -0.67740535
    0.34471917
    0.33600672
   -0.69189370
    0.34937131
    0.34175266
   -0.69284688
    0.35479007
    0.34551127
   -0.65018551
    0.34194670
    0.34584037
   -0.69074331
    0.33966591
    0.35524370
   -0.67947340
    0.35635676
    0.34135862
   -0.66429600
    0.32953575
    0.35390710
