           1           2  0.962846276014742     
           2           4  0.970292081570848     
           2           5  0.986365592809272     
           3           5  0.815004540781523     
           2           7   1.00949691027991     
           6           7  0.974181889050398     
           7           9  0.936417696309198     
           8           9   1.41680657887873     
           5          10  0.855178653151438     
           8          11  0.199258634640923     
           9          11   1.53639974600683     
           5          12  0.833610310136794     
           7          13  0.957433889895752     
          14          15  0.875791259869158     
          14          16  0.842424575710877     
          17          18  0.874302439767326     
          17          19  0.830047206175941     
          20          21  0.871118644901336     
          20          22  0.836677121624470     
          23          24  0.850079243401355     
          23          25  0.827973311722955     
          26          27  0.842453415379795     
          26          28  0.869764783552522     
          29          30  0.869047391486094     
          29          31  0.832071265640595     
          32          33  0.842760871382740     
          32          34  0.867628726124054     
