   -0.19111801
   -0.02718767
   -0.07450993
   -0.11175297
    0.36477017
   -0.65300431
   -0.58664063
    0.29250089
    0.29212479
    0.09770983
    0.10006502
    0.06116911
    0.05467258
    0.07671713
    0.04800549
    0.29898545
   -0.70988133
    0.36870647
    0.36028138
   -0.70797823
    0.34883810
    0.32856342
   -0.65797894
    0.35265814
    0.31258357
   -0.66487767
    0.36349899
    0.32281497
   -0.69834317
    0.35523173
    0.30964721
   -0.67022922
    0.32320654
    0.33126632
   -0.67298679
    0.31394937
    0.34852220
