           1           2  0.972093103664518     
           2           3   1.01356909526273     
           3           4   1.00720319398350     
           4           5  0.956922253148150     
           5           6   1.40749648463296     
           5           7   1.50949203384322     
           6           7  0.185372988964471     
           1           8  0.903504684920619     
           1           9  0.823584367033164     
           2          10  0.970796330883010     
           2          11  0.969191704066041     
           3          12  0.971703098164923     
           3          13  0.972703519374732     
           4          14  0.950120748331562     
           4          15  0.964285908926798     
           1          16  0.830311986586267     
          17          18  0.861156307449928     
          17          19  0.868349716739045     
          20          21  0.878172595018894     
          20          22  0.849388904573476     
          23          24  0.869817612871896     
          23          25  0.870764718185590     
          26          27  0.862433600686377     
          26          28  0.852066465609508     
          29          30  0.873212514762381     
          29          31  0.856406910392846     
          32          33  0.855621229573422     
          32          34  0.861297723364385     
          35          36  0.845374203790577     
          35          37  0.877150190231224     
