   -0.19655625
   -0.02386632
   -0.07532675
   -0.10067919
    0.36724846
   -0.65337976
   -0.60673595
    0.29605586
    0.28633440
    0.09540383
    0.08991866
    0.05624815
    0.06316283
    0.04515747
    0.03251889
    0.27454043
   -0.66389950
    0.33808883
    0.33565945
   -0.68569611
    0.33469606
    0.35892633
   -0.67615860
    0.31762024
    0.35792479
   -0.70215647
    0.36774596
    0.36137005
   -0.67081784
    0.31909322
    0.35433974
   -0.67118983
    0.33726087
    0.34851791
   -0.66390290
    0.32635717
    0.32617588
