           1           2  0.983201268729058     
           2           3   1.00950340596967     
           3           4   1.00911167158163     
           4           5  0.947039006817774     
           5           6   1.46567047900773     
           5           7   1.46144595928722     
           6           7  0.191478466282748     
           1           8  0.817158173813755     
           1           9  0.840747268376655     
           2          10  0.971196136958204     
           2          11  0.967505419818261     
           3          12  0.974025780468257     
           3          13  0.971955749194493     
           4          14  0.966931451790802     
           4          15  0.958438876463355     
           1          16  0.845530814097204     
          17          18  0.843639198949646     
          17          19  0.851027479190508     
          20          21  0.848609342821540     
          20          22  0.868321080772364     
          23          24  0.840211049154190     
          23          25  0.864437992588703     
          26          27  0.862496232906579     
          26          28  0.867212636400797     
          29          30  0.863668503531534     
          29          31  0.870967446779524     
          32          33  0.836022291385131     
          32          34  0.874964447751150     
          35          36  0.867633119150711     
          35          37  0.855669064581124     
