   -0.18958797
   -0.02344979
   -0.07339498
   -0.10220900
    0.36481327
   -0.62179168
   -0.61418542
    0.29533119
    0.28849773
    0.09533199
    0.08626578
    0.05992796
    0.06569800
    0.05089898
    0.02802319
    0.27905090
   -0.67190985
    0.35619447
    0.34418913
   -0.68794207
    0.35302040
    0.33616322
   -0.68686115
    0.32365936
    0.34634405
   -0.67598014
    0.32011101
    0.33597686
   -0.67439239
    0.33008937
    0.35398626
   -0.65114823
    0.33062934
    0.32784947
   -0.68251273
    0.34798252
    0.33533095
