           1           2  0.986091317834037     
           2           3   1.01153442956100     
           3           4  0.993273593626946     
           4           5  0.952669551251683     
           5           6   1.53335592112865     
           5           7   1.39669510003935     
           6           7  0.193068188139288     
           1           8  0.818488114583292     
           1           9  0.848613170296305     
           2          10  0.969090309388345     
           2          11  0.968892959008401     
           3          12  0.972121307705145     
           3          13  0.971321415779250     
           4          14  0.962047127302604     
           4          15  0.980601104230322     
           1          16  0.842668597558914     
          17          18  0.869749860289377     
          17          19  0.832745503975730     
          20          21  0.871061052539528     
          20          22  0.838983764437115     
          23          24  0.846596727292554     
          23          25  0.877198780609519     
          26          27  0.857237271182064     
          26          28  0.860823055316888     
          29          30  0.847038989268253     
          29          31  0.869076064331073     
          32          33  0.848267277827927     
          32          34  0.845356547307515     
          35          36  0.876093938533086     
          35          37  0.840291954826179     
