   -0.18746620
   -0.02468546
   -0.06852378
   -0.10892396
    0.36327782
   -0.66063011
   -0.66061725
    0.30619608
    0.27743225
    0.08738131
    0.09156574
    0.04036131
    0.06154569
    0.06664716
    0.02059219
    0.30419101
   -0.67261408
    0.35149116
    0.34050960
   -0.66767114
    0.35828437
    0.34756670
   -0.69026735
    0.35170785
    0.34700987
   -0.66794815
    0.34347594
    0.33006753
   -0.68609317
    0.35948672
    0.34061968
   -0.68383605
    0.35754316
    0.33997000
   -0.66163489
    0.31164115
    0.34234729
