           1           2  0.988499366944027     
           2           3   1.01026030825246     
           3           4   1.00106569091521     
           4           5  0.934065682358367     
           5           6   1.50963271227247     
           5           7   1.44791225073960     
           6           7  0.203846872635839     
           1           8  0.822477526390011     
           1           9  0.907914801645416     
           2          10  0.970329809215296     
           2          11  0.964788358584570     
           3          12  0.972622225250730     
           3          13  0.971466489956507     
           4          14  0.970977578411916     
           4          15  0.966416913560579     
           1          16  0.792949369501999     
          17          18  0.870602845101022     
          17          19  0.827210007746113     
          20          21  0.864008761118495     
          20          22  0.815615947368407     
          23          24  0.831209183021656     
          23          25  0.875264007266879     
          26          27  0.837454398059991     
          26          28  0.827464915273963     
          29          30  0.867162743615603     
          29          31  0.840235479100762     
          32          33  0.867889551069711     
          32          34  0.846796012123832     
          35          36  0.840482416749264     
          35          37  0.829067864717839     
