    0.09089876
   -0.01853830
    0.30889512
    0.09582315
   -0.18133589
    0.04376283
   -0.11501327
   -0.63620694
    0.36467235
    0.27432149
   -0.65028327
    0.28199605
    0.06056852
   -0.67909807
    0.33182920
    0.34872118
   -0.69957752
    0.36404756
    0.35917110
   -0.70183807
    0.32238970
    0.34371419
   -0.66383345
    0.35115953
    0.32712147
   -0.68413735
    0.35783589
    0.37059604
   -0.68443770
    0.35452648
    0.33720515
   -0.65139017
    0.34030810
    0.33612614
