           1           2  0.967788723121340     
           2           4  0.968769918668102     
           2           5  0.987201595029133     
           3           5  0.802810876659766     
           2           7   1.00946275783069     
           6           7  0.974313233973074     
           7           9  0.935725368548595     
           8           9   1.42377206877371     
           5          10  0.865938980372739     
           8          11  0.200690208996005     
           9          11   1.53030090228999     
           5          12  0.848764209960218     
           7          13  0.957607444494516     
          14          15  0.848309160041157     
          14          16  0.874535511926579     
          17          18  0.865194761091093     
          17          19  0.868494941388504     
          20          21  0.868541269345873     
          20          22  0.853916992415009     
          23          24  0.870208347204344     
          23          25  0.841509936636064     
          26          27  0.870175538064894     
          26          28  0.860533141278441     
          29          30  0.872433560387754     
          29          31  0.850152501172694     
          32          33  0.842002838155895     
          32          34  0.836097010334716     
