    0.07401474
   -0.01966163
    0.29153923
    0.11287913
   -0.18834085
    0.06356296
   -0.12208475
   -0.62522693
    0.36477171
    0.28947194
   -0.65116923
    0.30482285
    0.09102366
   -0.67891161
    0.34103527
    0.35801486
   -0.70189753
    0.34975591
    0.35663793
   -0.66090326
    0.31698996
    0.33813141
   -0.67979761
    0.32580296
    0.35343114
   -0.66756070
    0.36495641
    0.33102501
   -0.70403389
    0.32782099
    0.34749248
   -0.69313917
    0.33958912
    0.34995749
