           1           2  0.973025818711958     
           2           4  0.960053610249730     
           2           5  0.975404292161558     
           3           5  0.902538435139012     
           2           7   1.01398045918399     
           6           7  0.965690570951124     
           7           9  0.941856702136332     
           8           9   1.47708212911425     
           5          10  0.841225403248609     
           8          11  0.197848054369129     
           9          11   1.47089054373244     
           5          12  0.818986518536660     
           7          13  0.946943254417571     
          14          15  0.822648058776966     
          14          16  0.867190594925472     
          17          18  0.876866764859202     
          17          19  0.871242290329932     
          20          21  0.834634627553123     
          20          22  0.840719945897484     
          23          24  0.835294830945196     
          23          25  0.870117696232087     
          26          27  0.862881786556909     
          26          28  0.848654665630240     
          29          30  0.852673335210962     
          29          31  0.879033275724439     
          32          33  0.836661333914294     
          32          34  0.873881936616750     
