           1           2  0.979588819043470     
           2           3   1.01242397418418     
           3           4   1.00162154380180     
           4           5  0.944180449877241     
           5           6   1.50699736716008     
           5           7   1.43335526172809     
           6           7  0.197451387018503     
           1           8  0.819501360557643     
           1           9  0.908614660983906     
           2          10  0.969007266278848     
           2          11  0.967591024947355     
           3          12  0.971671651836121     
           3          13  0.973585913038261     
           4          14  0.956342021429574     
           4          15  0.978124005304615     
           1          16  0.808611938845313     
          17          18  0.869684894113344     
          17          19  0.865362971099178     
          20          21  0.847193151246909     
          20          22  0.863784495855569     
          23          24  0.859873971950437     
          23          25  0.880504952774757     
          26          27  0.869003527001518     
          26          28  0.873044958809364     
