   -0.18275441
   -0.02397936
   -0.07245230
   -0.10230140
    0.36336929
   -0.63648494
   -0.64279381
    0.29283272
    0.28662716
    0.09443348
    0.09145827
    0.05386031
    0.06681372
    0.06078670
    0.02848250
    0.29270302
   -0.67032668
    0.35570136
    0.31236502
   -0.67781858
    0.35831208
    0.36361161
   -0.66123632
    0.33123557
    0.35165594
   -0.66972996
    0.31148511
    0.35246334
   -0.69990055
    0.34945598
    0.30768364
   -0.69080910
    0.34858802
    0.31844666
   -0.68315754
    0.35952002
    0.36185340
