           1           2  0.984984101181810     
           2           3   1.01020351419047     
           3           4   1.00233778971506     
           4           5  0.953073363864806     
           5           6   1.42619305068656     
           5           7   1.49227661548806     
           6           7  0.188117585535422     
           1           8  0.834126052126560     
           1           9  0.852421540935566     
           2          10  0.965094245266151     
           2          11  0.964967348613495     
           3          12  0.973709670673000     
           3          13  0.972298582056136     
           4          14  0.950161148911376     
           4          15  0.975958636645145     
           1          16  0.842720332557506     
          17          18  0.869424210142059     
          17          19  0.853907977139092     
          20          21  0.868931631808885     
          20          22  0.865650845181024     
          23          24  0.848495955260794     
          23          25  0.872049415097165     
          26          27  0.854556028633528     
          26          28  0.872003000476260     
          29          30  0.877703684071289     
          29          31  0.848298768331969     
          32          33  0.876612078225511     
          32          34  0.860429670698819     
          35          36  0.867895804114445     
          35          37  0.866061219235187     
