   -0.18121728
   -0.01654032
   -0.07485928
   -0.10777432
    0.36320286
   -0.65094346
   -0.65353644
    0.29203065
    0.29573982
    0.09250260
    0.06767648
    0.05331649
    0.07397109
    0.06456145
    0.03030987
    0.28542524
   -0.70066454
    0.36173329
    0.36507715
   -0.67606093
    0.36173837
    0.35688496
   -0.66889952
    0.32396994
    0.31039689
   -0.66237560
    0.35209987
    0.32380941
   -0.66617376
    0.35297336
    0.33799379
   -0.67935613
    0.30428029
    0.34688660
   -0.69661465
    0.35778794
    0.36064781
