           1           2  0.988245026750771     
           2           3   1.00902647683699     
           3           4   1.00727375489299     
           4           5  0.941475873322203     
           5           6   1.47739128539714     
           5           7   1.46189853723833     
           6           7  0.196247641686681     
           1           8  0.844873275153437     
           1           9  0.830422735086523     
           2          10  0.969722818978950     
           2          11  0.972001831361252     
           3          12  0.970154087210843     
           3          13  0.969312156312233     
           4          14  0.967181298671390     
           4          15  0.958676626945071     
           1          16  0.845424964777166     
          17          18  0.866833461486234     
          17          19  0.864218115910540     
          20          21  0.867351853208013     
          20          22  0.869712131061626     
          23          24  0.859124453572408     
          23          25  0.840769719733208     
          26          27  0.872100462358524     
          26          28  0.847288702772164     
          29          30  0.871763141750654     
          29          31  0.847316247022396     
          32          33  0.864562649880734     
          32          34  0.879204513540737     
          35          36  0.870783363762370     
          35          37  0.868217806873197     
