   -0.17668717
   -0.02280639
   -0.07160005
   -0.11140299
    0.36314622
   -0.65995693
   -0.60997852
    0.29897490
    0.29385987
    0.09926990
    0.08150744
    0.04170245
    0.06535329
    0.07980880
    0.03179683
    0.28043210
   -0.70550315
    0.33157358
    0.33523731
   -0.69508965
    0.36052071
    0.36424043
   -0.67414509
    0.35621519
    0.32249467
   -0.65888284
    0.33522971
    0.36133386
   -0.65363486
    0.32688876
    0.35939559
   -0.68239138
    0.30936188
    0.35632551
   -0.70127015
    0.31877177
    0.34990840
