           1           2  0.984334639966152     
           2           3   1.00650454567722     
           3           4   1.00017725424093     
           4           5  0.947755447579951     
           5           6   1.46962536426638     
           5           7   1.46382633048256     
           6           7  0.194543947705063     
           1           8  0.832075805102512     
           1           9  0.845395870469867     
           2          10  0.969031605538163     
           2          11  0.972831388113773     
           3          12  0.976774791201508     
           3          13  0.975098540628619     
           4          14  0.946072998909579     
           4          15  0.977415843195281     
           1          16  0.860086416038809     
          17          18  0.861526713460588     
          17          19  0.859513763480663     
          20          21  0.868054377571816     
          20          22  0.864335143382794     
          23          24  0.870171975125488     
          23          25  0.859426612781062     
          26          27  0.842939999410139     
          26          28  0.863991338800235     
          29          30  0.853202172114866     
          29          31  0.864092318441220     
          32          33  0.850345988646859     
          32          34  0.868090616669944     
          35          36  0.853652935184943     
          35          37  0.877351029418678     
