           1           2  0.983407687378151     
           2           3   1.00998259305229     
           3           4  0.990132773020155     
           4           5  0.946291829447843     
           5           6   1.49860411657126     
           5           7   1.44392874741436     
           6           7  0.198520281882305     
           1           8  0.836344088263129     
           1           9  0.843301144179460     
           2          10  0.968557517527727     
           2          11  0.973651536406165     
           3          12  0.973341145961758     
           3          13  0.972780716061168     
           4          14  0.972719373995423     
           4          15  0.976220601159774     
           1          16  0.854343057962645     
          17          18  0.863033666952026     
          17          19  0.868788531215948     
          20          21  0.861007419744075     
          20          22  0.869095437854086     
          23          24  0.852509891537781     
          23          25  0.879556133339761     
          26          27  0.846775405795105     
          26          28  0.888119046756997     
