   -0.19664772
   -0.05821353
   -0.11149710
   -0.14251877
    0.36293364
   -0.61972029
   -0.63055383
    0.30435296
    0.31562294
    0.11801253
    0.08350160
    0.07896170
    0.11580231
    0.10088343
    0.08592086
    0.30202391
   -0.70152678
    0.35586402
    0.33055578
   -0.70811415
    0.35216774
    0.31382809
   -0.70132668
    0.33862582
    0.31673013
   -0.70411760
    0.38833250
    0.32603540
   -0.70589829
    0.37033585
    0.32636271
   -0.69050262
    0.34281530
    0.34240962
   -0.69622963
    0.34914399
    0.34068646
   -0.69700910
    0.35736249
    0.32999078
   -0.71264388
    0.33221068
    0.35704900
   -0.68467898
    0.32447249
    0.34823499
   -0.67799908
    0.33518344
    0.32839330
   -0.69943918
    0.33639705
    0.34360715
   -0.68278092
    0.34392393
    0.34560094
   -0.65189376
    0.33864462
    0.34104790
   -0.64366294
    0.31758468
    0.36590895
   -0.66324460
    0.34294483
    0.33115928
   -0.68658109
    0.33903802
    0.35322792
   -0.71922345
    0.35141302
    0.33706237
   -0.69263641
    0.36317161
    0.32975590
   -0.70719533
    0.34095497
    0.34298230
   -0.67262114
    0.34167903
    0.34815150
   -0.71783320
    0.31447578
    0.36868547
   -0.71626410
    0.32411765
    0.36593570
   -0.67535796
    0.33080014
    0.37027919
   -0.69023430
    0.32481252
    0.34851497
   -0.67640676
    0.34094096
    0.35256181
   -0.64765069
    0.33530133
    0.32168511
   -0.68398774
    0.35753128
    0.34573220
   -0.71606959
    0.36414313
    0.33392503
   -0.66321907
    0.33774048
    0.35221262
   -0.69138681
    0.35803727
    0.31196682
   -0.68794564
    0.33965698
    0.35070564
   -0.69746283
    0.35007146
    0.33611455
   -0.70117789
    0.35590449
    0.32927362
   -0.70093816
    0.37912928
    0.34286420
   -0.69926898
    0.32179811
    0.36140705
   -0.69156961
    0.36935768
    0.33216093
   -0.70991080
    0.33773657
    0.35463397
   -0.71149695
    0.36094244
    0.32091331
   -0.67496615
    0.33262709
    0.36300323
   -0.66224565
    0.34220706
    0.33598358
   -0.72583160
    0.34617052
    0.33063472
   -0.71247115
    0.33724671
    0.34127673
   -0.66230797
    0.32662374
    0.34316539
   -0.69849686
    0.35674113
    0.33449093
   -0.66954595
    0.33371955
    0.34020252
   -0.65773602
    0.33141924
    0.33271877
   -0.71109480
    0.32309997
    0.37365449
   -0.67544285
    0.34742060
    0.34824455
   -0.70767274
    0.33616982
    0.32720236
   -0.72335678
    0.34465939
    0.34741214
   -0.65284906
    0.34540890
    0.34601773
   -0.68243928
    0.34657718
    0.33938695
   -0.67249166
    0.34687085
    0.34585760
   -0.66778654
    0.33985723
    0.33005264
   -0.64951919
    0.33762378
    0.35899714
   -0.65158396
    0.32315544
    0.35349517
   -0.69991691
    0.33274146
    0.35872446
   -0.65585666
    0.34865285
    0.33437007
   -0.67015984
    0.35009983
    0.33660969
   -0.67112439
    0.36134576
    0.32849833
   -0.69719468
    0.33890127
    0.34824427
   -0.68008306
    0.33536203
    0.36474625
   -0.71304278
    0.33413973
    0.34838841
   -0.66135717
    0.33809338
    0.35863196
   -0.68338455
    0.35287270
    0.33609094
   -0.70140241
    0.32857908
    0.35247402
   -0.69392551
    0.32573728
    0.33824951
   -0.70189008
    0.34105205
    0.33612793
   -0.69031445
    0.35026564
    0.32436153
   -0.66920537
    0.33995457
    0.35398223
   -0.65072334
    0.36306290
    0.32472225
   -0.67449077
    0.32751809
    0.34623759
   -0.68990870
    0.32982059
    0.33955376
   -0.65996146
    0.31658352
    0.35297672
   -0.67399962
    0.36029521
    0.33743572
   -0.70507941
    0.35856630
    0.33554671
   -0.69509247
    0.32994100
    0.35333864
   -0.65531416
    0.32028806
    0.34352295
   -0.68529139
    0.33784674
    0.37813435
