   -0.18679215
   -0.02872357
   -0.07666192
   -0.10680515
    0.36321358
   -0.64081586
   -0.66702858
    0.27765685
    0.29431037
    0.10447624
    0.09155089
    0.04351226
    0.07462484
    0.06378125
    0.03788129
    0.31483126
   -0.67349817
    0.35301289
    0.31360158
   -0.64454320
    0.33928959
    0.33801527
   -0.68509055
    0.35071144
    0.30721641
   -0.67254069
    0.35391065
    0.31749352
   -0.70060166
    0.36211063
    0.36166276
   -0.66190078
    0.35850387
    0.32312952
   -0.67292997
    0.32400477
    0.34943053
