           1           2  0.982799431353240     
           2           3   1.00921867200047     
           3           4   1.00903383210114     
           4           5  0.945791493800995     
           5           6   1.48539229933911     
           5           7   1.44981778624570     
           6           7  0.194606686890232     
           1           8  0.908874444340502     
           1           9  0.842754073584509     
           2          10  0.963325259000736     
           2          11  0.969340226979484     
           3          12  0.976956217138493     
           3          13  0.960718128073420     
           4          14  0.951869444477920     
           4          15  0.965341065717236     
           1          16  0.791405464559377     
          17          18  0.871418009510872     
          17          19  0.855053933177160     
          20          21  0.856909909158382     
          20          22  0.850509431187516     
          23          24  0.872204468409312     
          23          25  0.841062240854917     
          26          27  0.872066332278733     
          26          28  0.864994402326735     
          29          30  0.866215670660257     
          29          31  0.866635719343608     
          32          33  0.867476629439339     
          32          34  0.859883236823235     
          35          36  0.864744031964525     
          35          37  0.874628989375536     
