   -0.12276708
    0.36974753
   -0.63971917
   -0.61519363
   -0.01966951
   -0.18271436
    0.05973688
    0.09410190
    0.08989524
    0.09308160
    0.30212219
    0.29835256
    0.29454873
   -0.67496919
    0.32700668
    0.34973525
   -0.65433757
    0.32439094
    0.33865361
   -0.68834086
    0.33470683
    0.31915354
   -0.67878330
    0.34783703
    0.33979548
   -0.69145081
    0.35743963
    0.33194430
   -0.66807521
    0.32450762
    0.33371205
   -0.66214828
    0.34205503
    0.32564435
