           1           2  0.947926675818612     
           2           3   1.40547845008857     
           2           4   1.52371221981679     
           3           4  0.193518585218967     
           1           5   1.00719498866274     
           5           6  0.983463829251310     
           1           7  0.954127497733758     
           1           8  0.957019413687532     
           5           9  0.966617159486047     
           5          10  0.969906461874323     
           6          11  0.796748865542276     
           6          12  0.859115420277957     
           6          13  0.899756864105436     
          14          15  0.830630770388575     
          14          16  0.872874229229782     
          17          18  0.849839465923546     
          17          19  0.837123049444243     
          20          21  0.870056213098484     
          20          22  0.862242441994689     
          23          24  0.873833743371063     
          23          25  0.839889306275797     
          26          27  0.869157687760548     
          26          28  0.846578534188351     
          29          30  0.853711251920371     
          29          31  0.864335298108758     
          32          33  0.830926840620553     
          32          34  0.845387391161626     
