   -0.18016863
   -0.02697427
   -0.07320544
   -0.10102206
    0.35998693
   -0.63019843
   -0.67261359
    0.28372710
    0.32393723
    0.10982070
    0.07876030
    0.05262261
    0.07028699
    0.04289952
    0.03162005
    0.30288602
   -0.65873645
    0.34994657
    0.35020368
   -0.71172826
    0.35438735
    0.35734078
   -0.67032697
    0.34362678
    0.33213069
   -0.68819715
    0.34370384
    0.36682038
   -0.69791827
    0.35248189
    0.33980754
   -0.69229781
    0.31197467
    0.33056604
   -0.68012868
    0.34942108
    0.34455728
