           1           2  0.978987605317037     
           2           3   1.01058662963301     
           3           4   1.00900585935389     
           4           5  0.936123915813923     
           5           6   1.51601135551197     
           5           7   1.44577967159897     
           6           7  0.207146105687090     
           1           8  0.904186010402985     
           1           9  0.783189582414815     
           2          10  0.962003761401685     
           2          11  0.970194131105620     
           3          12  0.973203196160375     
           3          13  0.972783509671546     
           4          14  0.967994607218160     
           4          15  0.963606091566001     
           1          16  0.895496998223683     
           9          17  0.100116572241609     
          17          18  0.829498123472402     
          17          19  0.872413176060248     
          20          21  0.874323012813393     
          20          22  0.872220972187034     
          23          24  0.877567482647499     
          23          25  0.844874554584473     
          26          27  0.865606199368601     
          26          28  0.862246036515218     
          29          30  0.871271735248041     
          29          31  0.861197960512513     
          32          33  0.838443981483075     
          32          34  0.888635262171627     
          35          36  0.874066233851210     
          35          37  0.833005186084799     
