   -0.18921958
   -0.01950952
   -0.07857153
   -0.09952293
    0.36141301
   -0.64135629
   -0.66295401
    0.29518404
    0.29331415
    0.08364706
    0.08037990
    0.06865092
    0.06639101
    0.03394986
    0.02879986
    0.28825090
   -0.68765554
    0.35865519
    0.35349922
   -0.66027288
    0.31636834
    0.34753218
   -0.67362139
    0.36775605
    0.36174656
   -0.71954895
    0.35677678
    0.36277214
   -0.66671805
    0.34622362
    0.31456601
   -0.68308178
    0.32898879
    0.34155075
   -0.66605383
    0.36060843
    0.33106151
