           1           2  0.988884625263735     
           2           3   1.00783874538662     
           3           4   1.01008440082045     
           4           5  0.936532758621878     
           5           6   1.42953269394007     
           5           7   1.51587368891977     
           6           7  0.197618178815788     
           1           8  0.821643059337077     
           1           9  0.835559543856430     
           2          10  0.971934120164097     
           2          11  0.968376007754891     
           3          12  0.967333573375720     
           3          13  0.972758296677281     
           4          14  0.965030874803126     
           4          15  0.965420963942605     
           1          16  0.854817095624850     
          17          18  0.867589690078644     
          17          19  0.872935373570461     
          20          21  0.870876796509283     
          20          22  0.827046460502778     
          23          24  0.861664547765847     
          23          25  0.864869801090641     
          26          27  0.872548902284568     
          26          28  0.868232504364150     
          29          30  0.876789359407549     
          29          31  0.846838857621495     
          32          33  0.849763010942234     
          32          34  0.853238572003229     
          35          36  0.865874200459595     
          35          37  0.855500570216777     
