   -0.17389541
   -0.02538205
   -0.07169090
   -0.10482219
    0.36430167
   -0.63975150
   -0.61542375
    0.30737036
    0.28167205
    0.11367002
    0.07663397
    0.05038721
    0.06611361
    0.04871048
    0.02783163
    0.28479281
   -0.69140050
    0.34265508
    0.33695429
   -0.65464022
    0.33989213
    0.35927213
   -0.69374569
    0.32154713
    0.35237158
   -0.71170149
    0.35728411
    0.33054629
   -0.69869658
    0.32148231
    0.35335714
   -0.67436536
    0.36154765
    0.36610422
   -0.68044173
    0.35493431
    0.31652520
