           1           2  0.981370017068620     
           2           3   1.00974800100862     
           3           4  0.991607510513553     
           4           5  0.941158899917516     
           5           6   1.49782928163026     
           5           7   1.44749507699467     
           6           7  0.201750165613397     
           1           8  0.813695454668958     
           1           9  0.906185598745359     
           2          10  0.962118933609170     
           2          11  0.972951827335088     
           3          12  0.975495675128514     
           3          13  0.973952605802255     
           4          14  0.971916892671575     
           4          15  0.978720792110361     
           1          16  0.837595469601164     
          17          18  0.881206901407164     
          17          19  0.863239927272205     
          20          21  0.840076130398890     
          20          22  0.866644720895869     
          23          24  0.867643217443101     
          23          25  0.875723546803227     
          26          27  0.872130570025074     
          26          28  0.857531953420662     
          29          30  0.862936652131194     
          29          31  0.875085286086060     
          32          33  0.866662088574352     
          32          34  0.863508749321206     
          35          36  0.870846884093791     
          35          37  0.850781109834658     
