   -0.19623195
   -0.02411101
   -0.07258434
   -0.10344000
    0.36111747
   -0.66559006
   -0.61900519
    0.29000288
    0.28078285
    0.11123890
    0.08661838
    0.05814327
    0.05894067
    0.04142322
    0.01735525
    0.27486400
   -0.68570839
    0.33450238
    0.36003978
   -0.68366245
    0.33756816
    0.35109632
   -0.68092329
    0.34869154
    0.33603501
   -0.68507943
    0.34252932
    0.33516157
   -0.68892908
    0.35361226
    0.36523037
   -0.66245040
    0.33539438
    0.36729483
   -0.67276429
    0.34406611
    0.34877096
