           1           2  0.980836315437153     
           2           3   1.01278254601398     
           3           4   1.00132899228361     
           4           5  0.936999692151657     
           5           6   1.51177646310550     
           5           7   1.44815197733168     
           6           7  0.202485932689933     
           1           8  0.831216037227876     
           1           9  0.852617395752132     
           2          10  0.960335370271823     
           2          11  0.968365870555103     
           3          12  0.972379364063831     
           3          13  0.972376724860065     
           4          14  0.959096100670918     
           4          15  0.979482558759444     
           1          16  0.821306873509253     
          17          18  0.850553639944449     
          17          19  0.867464109200045     
          20          21  0.844643846487944     
          20          22  0.872510187789757     
          23          24  0.874055179063439     
          23          25  0.840099253754435     
          26          27  0.878193291206071     
          26          28  0.837273768649414     
          29          30  0.872600577936641     
          29          31  0.864106189986223     
          32          33  0.841623420811032     
          32          34  0.860640249203822     
          35          36  0.830558536055845     
          35          37  0.876113951102521     
