   -0.12016023
    0.36267734
   -0.67739547
   -0.66109164
   -0.01508314
   -0.17778129
    0.06928342
    0.04722128
    0.07457471
    0.08576043
    0.28927631
    0.30331548
    0.30412597
   -0.66513043
    0.35346347
    0.35485170
   -0.67462070
    0.35099083
    0.34830664
   -0.68381154
    0.34839142
    0.35589620
   -0.64726630
    0.35637584
    0.32573938
   -0.68481746
    0.34247021
    0.34742604
   -0.68947827
    0.35518420
    0.35057924
   -0.71574927
    0.33806062
    0.34841503
