           1           2  0.921153647682161     
           2           3   1.48310901022685     
           2           4   1.49545428821130     
           3           4  0.210857989668421     
           1           5   1.01528175722438     
           5           6  0.988338452605733     
           1           7  0.956005331414341     
           1           8  0.971651881880065     
           5           9  0.971891707885154     
           5          10  0.967257831074560     
           6          11  0.881022793305231     
           6          12  0.831623112402815     
           6          13  0.822879877632130     
          14          15  0.816606233358393     
          14          16  0.870949371754595     
          17          18  0.869613455303234     
          17          19  0.816094351364232     
          20          21  0.875498026046769     
          20          22  0.869539369863714     
          23          24  0.841942698198738     
          23          25  0.859387497327348     
          26          27  0.876545481839669     
          26          28  0.837591459546345     
          29          30  0.869872068240013     
          29          31  0.836159164059544     
          32          33  0.844926917212294     
          32          34  0.878381600517014     
