    0.07909293
   -0.01905661
    0.29492469
    0.11311198
   -0.18915737
    0.05007023
   -0.11780171
   -0.62739000
    0.36351580
    0.29635634
   -0.64851332
    0.29580130
    0.06482198
   -0.67114503
    0.33450244
    0.33233847
   -0.67998908
    0.36267348
    0.35625656
   -0.69026824
    0.35671412
    0.33646878
   -0.68746273
    0.33609999
    0.35324723
   -0.68884430
    0.37022029
    0.36230953
   -0.70882126
    0.33178453
    0.34866830
   -0.69819515
    0.33802574
    0.34964008
