           1           2  0.972723334117709     
           2           4  0.959221742820762     
           2           5  0.977798684322144     
           3           5  0.900864053960412     
           2           7   1.01090831919365     
           6           7  0.973779162698168     
           7           9  0.932578781276091     
           8           9   1.43649555852768     
           5          10  0.804639136241648     
           8          11  0.205120523211548     
           9          11   1.53068204186880     
           5          12  0.846708839519221     
           7          13  0.958154823137834     
          14          15  0.851114316807831     
          14          16  0.854027778673498     
          17          18  0.864219884416509     
          17          19  0.870394843352306     
          20          21  0.868801962428001     
          20          22  0.856021479466816     
          23          24  0.853467315891678     
          23          25  0.872821472783968     
          26          27  0.859936907363124     
          26          28  0.864810775261563     
          29          30  0.850213763655232     
          29          31  0.878277084652667     
          32          33  0.829667863851444     
          32          34  0.875700697666844     
