    0.07281705
   -0.01759344
    0.30200106
    0.10792381
   -0.19165746
    0.04232384
   -0.11637793
   -0.63466860
    0.36291015
    0.27135059
   -0.66457015
    0.29342707
    0.05970970
   -0.66676182
    0.35750874
    0.34122607
   -0.69415574
    0.34006754
    0.34522211
   -0.66432944
    0.34291458
    0.35041054
   -0.68852161
    0.34752600
    0.34426473
   -0.66136682
    0.34092224
    0.34637600
   -0.68360812
    0.36062552
    0.35722772
   -0.68677412
    0.33956978
    0.34406040
