           1           2  0.973405538460746     
           2           4  0.960293659524988     
           2           5  0.986061454050365     
           3           5  0.813759491750664     
           2           7   1.01097605557493     
           6           7  0.974426894922153     
           7           9  0.928898843372643     
           8           9   1.46024112406962     
           5          10  0.852991779439336     
           8          11  0.207110210384298     
           9          11   1.51100487590090     
           5          12  0.840587851022616     
           7          13  0.959295123101207     
          14          15  0.865921379682362     
          14          16  0.839326206766188     
          17          18  0.882246122244086     
          17          19  0.806741346489532     
          20          21  0.879255181221040     
          20          22  0.827787998121780     
          23          24  0.817333089509597     
          23          25  0.877940990056752     
          26          27  0.874846398250377     
          26          28  0.812598271603735     
          29          30  0.866818945906966     
          29          31  0.869015727446022     
          32          33  0.843494941666467     
          32          34  0.839110845427289     
