   -0.18589762
   -0.02748401
   -0.07579935
   -0.09860001
    0.36439003
   -0.63455459
   -0.64970330
    0.28513073
    0.31873755
    0.10158513
    0.08592791
    0.05620971
    0.07629652
    0.03636494
    0.03509948
    0.30112477
   -0.67185259
    0.31312107
    0.32416582
   -0.69573535
    0.31869142
    0.35631725
   -0.67984088
    0.34011231
    0.33557595
   -0.63297266
    0.34911501
    0.34732547
   -0.70195138
    0.35071672
    0.32213181
   -0.67315605
    0.35242577
    0.32990383
   -0.69929403
    0.36075523
    0.36561738
