           1           2  0.981798901398718     
           2           3   1.00877538032523     
           3           4   1.00142318572207     
           4           5  0.939322110365848     
           5           6   1.47273050057856     
           5           7   1.47907065800940     
           6           7  0.205160933611739     
           1           8  0.903537628636423     
           1           9  0.763350409244620     
           2          10  0.967409455740114     
           2          11  0.970146798328235     
           3          12  0.972321829943741     
           3          13  0.966521301170838     
           4          14  0.979357811469916     
           4          15  0.961637745289270     
           1          16  0.896212644378694     
          17          18  0.848326539143945     
          17          19  0.855419413939845     
          20          21  0.833742299497769     
          20          22  0.870869732722565     
          23          24  0.854386291241258     
          23          25  0.881804712336008     
           9          26  0.122160998808058     
          26          27  0.850168540250755     
          26          28  0.858131478174635     
          29          30  0.876896787018716     
          29          31  0.855765730275164     
          32          33  0.870435493446898     
          32          34  0.851330664191728     
          35          36  0.866978939338164     
          35          37  0.863634695297121     
