   -0.17968018
   -0.02572745
   -0.07152935
   -0.10743254
    0.36311151
   -0.63881413
   -0.61990659
    0.30290035
    0.28040029
    0.11372553
    0.07399583
    0.05141451
    0.06521771
    0.04466515
    0.04058103
    0.28836830
   -0.65752646
    0.34301675
    0.36043876
   -0.70997269
    0.36077418
    0.35078438
   -0.69275647
    0.34439889
    0.33609878
   -0.69876648
    0.36352661
    0.36343120
   -0.69722292
    0.31592332
    0.33656227
   -0.71494596
    0.35883297
    0.35611297
   -0.71825188
    0.35633198
    0.36191981
