           1           2  0.979754468877315     
           2           3   1.00990000777692     
           3           4  0.991605364477618     
           4           5  0.943265443838499     
           5           6   1.49411740650948     
           5           7   1.45811549287230     
           6           7  0.202780404183862     
           1           8  0.819450901200379     
           1           9  0.907004919988281     
           2          10  0.960503887958970     
           2          11  0.973255768496073     
           3          12  0.975263989574260     
           3          13  0.974111412855075     
           4          14  0.972199163674044     
           4          15  0.975396970232610     
           1          16  0.826401523235688     
          17          18  0.839404721842464     
          17          19  0.865094104141687     
          20          21  0.869267886993821     
          20          22  0.876582877885944     
          23          24  0.880139534548947     
          23          25  0.861552280544346     
          26          27  0.864987872630559     
          26          28  0.864203151360528     
          29          30  0.841099017027458     
          29          31  0.885860570169472     
          32          33  0.871148484437253     
          32          34  0.873085776299469     
          35          36  0.872858424371465     
          35          37  0.868843853914161     
