   -0.19369924
   -0.01728926
   -0.07400478
   -0.10623447
    0.36166390
   -0.66565718
   -0.64446467
    0.29344695
    0.29444469
    0.11287982
    0.05367265
    0.05443154
    0.08276877
    0.04675552
    0.02027623
    0.26724088
   -0.67452433
    0.35399942
    0.34335790
   -0.66566580
    0.36038704
    0.34107817
   -0.68337284
    0.33803427
    0.35109703
   -0.68078891
    0.35679632
    0.36871134
   -0.66880123
    0.34853739
    0.32649624
   -0.67674788
    0.34798760
    0.34883717
   -0.69905658
    0.32191927
    0.35548708
