           1           2  0.981554002751947     
           2           3   1.01004733615477     
           3           4  0.993450400833795     
           4           5  0.935897346214725     
           5           6   1.51123526122816     
           5           7   1.45025209665682     
           6           7  0.205495383174245     
           1           8  0.835128430605269     
           1           9  0.823086872206683     
           2          10  0.961179039888091     
           2          11  0.976000801819594     
           3          12  0.973595769887524     
           3          13  0.968285068608325     
           4          14  0.971580225638493     
           4          15  0.980285832668437     
           1          16  0.855314875018772     
          17          18  0.872225741418745     
          17          19  0.831703607847984     
          20          21  0.864793530568144     
          20          22  0.842230284533049     
          23          24  0.844477560047814     
          23          25  0.871392897483459     
          26          27  0.870244092344559     
          26          28  0.860511406512845     
          29          30  0.874790100909551     
          29          31  0.857664856048517     
          32          33  0.834408530449473     
          32          34  0.875663275576796     
          35          36  0.864384880055587     
          35          37  0.873031559101808     
