   -0.18894016
   -0.02347346
   -0.07852476
   -0.09894161
    0.36104211
   -0.65245645
   -0.67914597
    0.30704207
    0.29837853
    0.07974880
    0.08426502
    0.07278560
    0.06372183
    0.02300104
    0.02848159
    0.29022377
   -0.66508332
    0.34062586
    0.35300616
   -0.68097775
    0.34881056
    0.33242651
   -0.68340317
    0.34853345
    0.35445866
   -0.66147851
    0.34646441
    0.30994864
   -0.67632337
    0.36116547
    0.35774532
   -0.68354060
    0.35113597
    0.34029429
   -0.67175144
    0.35021288
    0.34052204
