           1           2  0.990732918906537     
           2           3   1.00710344251405     
           3           4   1.01138039015669     
           4           5  0.926999750817740     
           5           6   1.47636934175348     
           5           7   1.49004050317523     
           6           7  0.206547468655231     
           1           8  0.809022085237329     
           1           9  0.823715624962163     
           2          10  0.971693150924676     
           2          11  0.971008181894847     
           3          12  0.964693560801432     
           3          13  0.971745379165935     
           4          14  0.970314227371272     
           4          15  0.965408896112831     
           1          16  0.880836520284778     
          17          18  0.846859178948836     
          17          19  0.837144786035614     
          20          21  0.846964036493195     
          20          22  0.849367884287466     
          23          24  0.871423939094001     
          23          25  0.835816455753333     
          26          27  0.857402182238929     
          26          28  0.873921468052845     
          29          30  0.866040699870277     
          29          31  0.868508690661229     
          32          33  0.871375295290029     
          32          34  0.818313931450952     
          35          36  0.871926978355791     
          35          37  0.852636480895112     
