   -0.17427908
   -0.04770336
   -0.06729476
   -0.11009003
    0.36145412
   -0.64511556
   -0.67728572
    0.28773067
    0.28858601
    0.11088639
    0.13264747
    0.04556227
    0.04117584
    0.04834932
    0.06713058
    0.32561666
   -0.69337369
    0.34761728
    0.35103540
   -0.65796164
    0.34250880
    0.31758784
   -0.67128251
    0.33992439
    0.30701851
   -0.66033755
    0.35024878
    0.36167173
   -0.67872540
    0.32345911
    0.34562924
   -0.67810328
    0.31023916
    0.34531861
   -0.67330387
    0.33460472
    0.34885359
