           1           2  0.972744356590394     
           2           3   1.01032361129806     
           3           4   1.00702782660690     
           4           5  0.945071916430102     
           5           6   1.52416463133723     
           5           7   1.42006734250653     
           6           7  0.199036947285317     
           1           8  0.902764015660484     
           1           9  0.903182664962739     
           2          10  0.962552531521200     
           2          11  0.947224021937538     
           3          12  0.974622652961419     
           3          13  0.976388304753438     
           4          14  0.960000696183509     
           4          15  0.957711762920614     
           1          16  0.796745993052035     
          17          18  0.840945533674462     
          17          19  0.874490054803049     
          20          21  0.835581516429290     
          20          22  0.869642004230947     
          23          24  0.821516141621761     
          23          25  0.884476157410565     
          26          27  0.820900520827554     
          26          28  0.863097264466488     
          29          30  0.856257927114933     
          29          31  0.877943651392849     
          32          33  0.823853952941009     
          32          34  0.876347316909515     
          35          36  0.842899811754363     
          35          37  0.873219292592970     
