    0.11035261
   -0.02228626
    0.31213223
    0.10049982
   -0.19186298
    0.05254269
   -0.11650055
   -0.62544002
    0.36709304
    0.29337744
   -0.63523797
    0.28588641
    0.05645283
   -0.69711918
    0.34027933
    0.35087054
   -0.67420483
    0.34490484
    0.35919585
   -0.65895525
    0.33845151
    0.32929927
   -0.69219911
    0.35498676
    0.33713493
   -0.68309757
    0.35221580
    0.32454402
   -0.66507143
    0.30901918
    0.34123447
   -0.68795365
    0.35046180
    0.33899340
