    0.07878678
   -0.01796345
    0.29535812
    0.10611578
   -0.17906574
    0.06245090
   -0.11972822
   -0.62674276
    0.36448706
    0.29050215
   -0.63655025
    0.29049103
    0.08338680
   -0.68483528
    0.31466035
    0.34974739
   -0.66789172
    0.35810123
    0.32100599
   -0.68223405
    0.36090424
    0.36124537
   -0.69934843
    0.35673081
    0.34711779
   -0.68539709
    0.36164872
    0.35964278
   -0.70117397
    0.32767472
    0.34998743
   -0.69099540
    0.33395367
    0.31792726
