           1           2  0.970325951848824     
           2           4  0.963524357041579     
           2           5  0.985385501724287     
           3           5  0.845818820384794     
           2           7   1.00406196031295     
           6           7  0.973055643465829     
           7           9  0.949716447694606     
           8           9   1.44532331404178     
           5          10  0.837513626809400     
           8          11  0.193964831125407     
           9          11   1.48920853222513     
           5          12  0.852507575073360     
           7          13  0.948550292662261     
          14          15  0.837671958720687     
          14          16  0.875204423732082     
          17          18  0.867409065611170     
          17          19  0.844276408970499     
          20          21  0.866548656172479     
          20          22  0.866222195019195     
          23          24  0.871842525422269     
          23          25  0.878705439331812     
          26          27  0.865393039547314     
          26          28  0.867456544987928     
          29          30  0.859532171642804     
          29          31  0.877352432227545     
          32          33  0.887897569038133     
          32          34  0.846393695685881     
