   -0.18801764
   -0.02526136
   -0.07294475
   -0.10760281
    0.36502784
   -0.64407050
   -0.60837317
    0.29321230
    0.27618547
    0.09560044
    0.09369365
    0.05548618
    0.05298816
    0.07343065
    0.03193971
    0.28570994
   -0.66743684
    0.32767773
    0.32456966
   -0.71489699
    0.35483752
    0.33566311
   -0.68455950
    0.33053597
    0.34977697
   -0.67217531
    0.31828985
    0.35468310
   -0.66580473
    0.32346832
    0.36107489
   -0.65585558
    0.35917647
    0.34368750
   -0.68422631
    0.32164252
    0.36286753
