           1           2  0.979442907997414     
           2           3   1.01177718955163     
           3           4   1.00759951837890     
           4           5  0.951514845088389     
           5           6   1.47896365105122     
           5           7   1.44647776089115     
           6           7  0.192525871515349     
           1           8  0.832646757144683     
           1           9  0.846241301687204     
           2          10  0.970401965507733     
           2          11  0.970565494904182     
           3          12  0.973516422381996     
           3          13  0.973311855070877     
           4          14  0.951585697658653     
           4          15  0.969123655280240     
           1          16  0.840355256699119     
          17          18  0.840671554462670     
          17          19  0.869477523704653     
          20          21  0.873885003203992     
          20          22  0.853017671828964     
          23          24  0.839243071797464     
          23          25  0.872696737488223     
          26          27  0.834690427617537     
          26          28  0.868829798672699     
          29          30  0.849798864327014     
          29          31  0.866252619571157     
          32          33  0.867049425292666     
          32          34  0.836391532345338     
          35          36  0.851852925001476     
          35          37  0.864789691850534     
