   -0.19793541
   -0.02305576
   -0.07306018
   -0.10060943
    0.36368973
   -0.65019599
   -0.65517806
    0.30060375
    0.30714515
    0.08826864
    0.07797805
    0.05679902
    0.07929164
    0.03666492
    0.02300620
    0.28487165
   -0.72129034
    0.35066868
    0.33920323
   -0.67817707
    0.34438957
    0.34919991
   -0.66939652
    0.34220845
    0.34565766
   -0.66427107
    0.32975925
    0.35854828
   -0.66306059
    0.35418283
    0.34229261
   -0.67700598
    0.34624643
    0.31477633
   -0.65159043
    0.33696692
    0.35240795
