           1           2  0.988990449843896     
           2           3   1.00708672344615     
           3           4  0.997157295333441     
           4           5  0.936277495545682     
           5           6   1.44018422804236     
           5           7   1.51779440304085     
           6           7  0.203421895901226     
           1           8  0.812288123075852     
           1           9  0.793315062431725     
           2          10  0.969821892512112     
           2          11  0.971583960784715     
           3          12  0.973819808470659     
           3          13  0.967333869195387     
           4          14  0.967194633632610     
           4          15  0.980970218583580     
           1          16  0.905488611703794     
          17          18  0.876767538133549     
          17          19  0.841006810241684     
          20          21  0.847141525073178     
          20          22  0.874850977821583     
          23          24  0.834452444046984     
          23          25  0.872483398720101     
          26          27  0.831047477301936     
          26          28  0.865594726707044     
          29          30  0.871061021399039     
          29          31  0.839216590577603     
          32          33  0.874212507367663     
          32          34  0.823265472818240     
          35          36  0.837724876631035     
          35          37  0.821450988706411     
