   -0.18834424
   -0.02422371
   -0.07250625
   -0.10407098
    0.36098738
   -0.65218136
   -0.61451059
    0.28642345
    0.28751000
    0.10572548
    0.09245814
    0.06097123
    0.05349180
    0.04929844
    0.02391249
    0.27863503
   -0.66354564
    0.33465176
    0.34677944
   -0.71273591
    0.35558809
    0.35714778
   -0.69660324
    0.36541898
    0.35938033
   -0.70188496
    0.31610836
    0.35449382
   -0.69262389
    0.34563497
    0.32980665
   -0.68355006
    0.35436446
    0.36670448
   -0.69403057
    0.35548757
    0.35983128
