           1           2  0.979306517342807     
           2           3   1.01232208922344     
           3           4   1.00272470556197     
           4           5  0.941330894378725     
           5           6   1.52717975493591     
           5           7   1.42465618298189     
           6           7  0.200594239537322     
           1           8  0.855107142357976     
           1           9  0.843890168170538     
           2          10  0.963637439612177     
           2          11  0.966185886971600     
           3          12  0.972733751343529     
           3          13  0.973591579287501     
           4          14  0.956690750103526     
           4          15  0.977658988589313     
           1          16  0.825571786705649     
          17          18  0.847252502456546     
          17          19  0.875754039722591     
          20          21  0.873467608458443     
          20          22  0.872355974141954     
          23          24  0.864069211522622     
          23          25  0.868936480757552     
          26          27  0.857265824371410     
          26          28  0.874169600118776     
          29          30  0.880068747117066     
          29          31  0.863891548857961     
          32          33  0.871626437890405     
          32          34  0.862435307840120     
          35          36  0.870512380231114     
          35          37  0.868475586582553     
