   -0.12890992
    0.36480432
   -0.66799304
   -0.63591845
   -0.01269395
   -0.18820365
    0.08204963
    0.09370543
    0.07816844
    0.07995622
    0.30364370
    0.30535635
    0.28876308
   -0.67268416
    0.34513417
    0.32030395
   -0.69381771
    0.34564869
    0.33691892
   -0.68302191
    0.35036001
    0.33972413
   -0.66405599
    0.32210526
    0.33984136
   -0.66256010
    0.35585248
    0.33386618
   -0.66373222
    0.35458153
    0.33190381
   -0.68302222
    0.35568433
    0.32824136
