           1           2  0.942535747639972     
           2           3   1.40140983198653     
           2           4   1.54043830914668     
           3           4  0.195424562813584     
           1           5   1.01407950139850     
           5           6  0.982740294196335     
           1           7  0.951474869606554     
           1           8  0.949727878567278     
           5           9  0.970971241362156     
           5          10  0.971531173867519     
           6          11  0.825194747803629     
           6          12  0.816575727356285     
           6          13  0.903152329830902     
          14          15  0.845656435733834     
          14          16  0.861219548236980     
          17          18  0.877501386382182     
          17          19  0.831401173587983     
          20          21  0.873203550323792     
          20          22  0.817142956672070     
          23          24  0.829099763618286     
          23          25  0.837960799672075     
          26          27  0.868914481885011     
          26          28  0.844011394609892     
          29          30  0.869877329089358     
          29          31  0.846706848930965     
          32          33  0.869841582891283     
          32          34  0.847879264732727     
