   -0.18369821
   -0.02062118
   -0.07635952
   -0.10664407
    0.36393798
   -0.64057832
   -0.64807369
    0.30500681
    0.30687385
    0.09436801
    0.07236044
    0.06961692
    0.07611329
    0.04460339
    0.05280584
    0.29130185
   -0.66520343
    0.33427385
    0.34991006
   -0.65323837
    0.32237927
    0.33480518
   -0.68140107
    0.30877240
    0.34479192
   -0.68255287
    0.34969307
    0.30990953
   -0.67253452
    0.31871825
    0.35573568
   -0.71222100
    0.35316109
    0.36172449
   -0.66483261
    0.33238710
    0.35470861
