           1           2  0.981436248759718     
           2           3   1.00917743722125     
           3           4  0.998094391361011     
           4           5  0.952169474762181     
           5           6   1.44855769548709     
           5           7   1.47507693263956     
           6           7  0.192033466723967     
           1           8  0.819928327110649     
           1           9  0.840085370725176     
           2          10  0.963409526819403     
           2          11  0.971484409233942     
           3          12  0.969322026453976     
           3          13  0.970164158425372     
           4          14  0.975000665074265     
           4          15  0.954205587229788     
           1          16  0.901710474457192     
          17          18  0.858720417021095     
          17          19  0.870584117427155     
          20          21  0.853538894347902     
          20          22  0.878491042812646     
          23          24  0.856561948728558     
          23          25  0.879541225623237     
          26          27  0.872569768795091     
          26          28  0.841017567801109     
          29          30  0.863939796671188     
          29          31  0.870259022144981     
          32          33  0.874553377753126     
          32          34  0.868292639797793     
          35          36  0.841853834149488     
          35          37  0.868894938825655     
