   -0.17276558
   -0.02770878
   -0.07347403
   -0.10696223
    0.36504531
   -0.65925939
   -0.63149783
    0.30696092
    0.26067170
    0.10822255
    0.09833105
    0.06079140
    0.05779590
    0.04689465
    0.04724053
    0.27787170
   -0.69374897
    0.31860949
    0.32978948
   -0.71109104
    0.33071633
    0.35300416
   -0.69765826
    0.36498162
    0.36188496
   -0.65827156
    0.36525517
    0.31057974
   -0.70994593
    0.36047071
    0.35196681
   -0.66523320
    0.34162258
    0.35939496
   -0.67926305
    0.35296603
    0.35581208
