           1           2  0.972037860424906     
           2           3   1.01333938625382     
           3           4   1.00702863415253     
           4           5  0.946534418939832     
           5           6   1.46674208724455     
           5           7   1.46744930762425     
           6           7  0.197249945548770     
           1           8  0.808104964135886     
           1           9  0.903198739025947     
           2          10  0.964575790286106     
           2          11  0.968671710411517     
           3          12  0.971658414161860     
           3          13  0.970488336304563     
           4          14  0.971168605321639     
           4          15  0.951347999361201     
           1          16  0.848899012176401     
          17          18  0.838399029108733     
          17          19  0.890343064699664     
          20          21  0.852890731249296     
          20          22  0.875179843593189     
          23          24  0.863938644206674     
          23          25  0.866949255623697     
          26          27  0.863510584207603     
          26          28  0.863966009560730     
          29          30  0.869368104191945     
          29          31  0.875510250730693     
          32          33  0.840074440368556     
          32          34  0.867418902051070     
          35          36  0.874611881214995     
          35          37  0.872272987493263     
