           1           2  0.982460294137589     
           2           3   1.01038835245193     
           3           4   1.00931995479529     
           4           5  0.936969768179630     
           5           6   1.51778084931320     
           5           7   1.43840576106349     
           6           7  0.202016350632136     
           1           8  0.909483864615006     
           1           9  0.834231625676159     
           2          10  0.964241816691661     
           2          11  0.971042993456553     
           3          12  0.973945766315092     
           3          13  0.971486879247672     
           4          14  0.964252295139141     
           4          15  0.962182037997949     
           1          16  0.808814070816127     
          17          18  0.863454718888698     
          17          19  0.865982395724494     
          20          21  0.859827727711513     
          20          22  0.836584686711800     
          23          24  0.867528793738143     
          23          25  0.848348755643259     
          26          27  0.873880836687571     
          26          28  0.867347845817081     
          29          30  0.850053977560265     
          29          31  0.880491149159182     
          32          33  0.871116645990710     
          32          34  0.871630289565398     
          35          36  0.864012126976802     
          35          37  0.870744801437961     
