    0.08127870
   -0.01976916
    0.29840825
    0.10589415
   -0.18030436
    0.06536021
   -0.12305566
   -0.60769452
    0.36521242
    0.27683044
   -0.65889263
    0.29830863
    0.09866938
   -0.69895168
    0.30964940
    0.35368293
   -0.68107619
    0.31538661
    0.34931331
   -0.67228105
    0.36123017
    0.34884050
   -0.68769001
    0.35988923
    0.36712833
   -0.68231987
    0.33080175
    0.35130022
   -0.66683609
    0.34730623
    0.30915681
   -0.67894818
    0.32707541
    0.33709629
