           1           2  0.972094861825070     
           2           4  0.967454102351619     
           2           5  0.980539929876106     
           3           5  0.845124984472478     
           2           7   1.01346498887764     
           6           7  0.954918172160292     
           7           9  0.950701031659590     
           8           9   1.52824984937952     
           5          10  0.876481230340608     
           8          11  0.192374528121757     
           9          11   1.40132416018994     
           5          12  0.825633910221563     
           7          13  0.947175106048622     
          14          15  0.855837927234082     
          14          16  0.874721282236975     
          17          18  0.842661956384915     
          17          19  0.874845320233239     
          20          21  0.863370200206075     
          20          22  0.814667031591850     
          23          24  0.866406115083667     
          23          25  0.860959670144236     
          26          27  0.828022137968218     
          26          28  0.871033703831461     
          29          30  0.838095195427858     
          29          31  0.880783805272271     
          32          33  0.853785600719524     
          32          34  0.837829229534273     
