    0.09235811
   -0.02048727
    0.30988738
    0.10442870
   -0.18663131
    0.06580693
   -0.11915279
   -0.61071712
    0.36533905
    0.29114265
   -0.63069343
    0.28545596
    0.06478925
   -0.65361789
    0.33808655
    0.35980814
   -0.71483580
    0.35791453
    0.35692114
   -0.69705651
    0.34814981
    0.31136863
   -0.67732154
    0.33995479
    0.32263020
   -0.69988732
    0.33529764
    0.34517063
   -0.68398734
    0.36194316
    0.36310298
   -0.70225797
    0.32558663
    0.35150345
