           1           2  0.970132432490575     
           2           4  0.967337018266808     
           2           5  0.981322369637937     
           3           5  0.804503935510079     
           2           7   1.00767921990056     
           6           7  0.969579147316889     
           7           9  0.943377027595783     
           8           9   1.44184458932164     
           5          10  0.837763769204333     
           8          11  0.199388644302398     
           9          11   1.50640646511409     
           5          12  0.904845886741363     
           7          13  0.957307223568634     
          14          15  0.848769934425016     
          14          16  0.867471455237255     
          17          18  0.871774589223049     
          17          19  0.872485058907815     
          20          21  0.877904185545089     
          20          22  0.850433666613796     
          23          24  0.881411365015693     
          23          25  0.839425025844969     
          26          27  0.860076872499058     
          26          28  0.878711352353528     
          29          30  0.865495650372250     
          29          31  0.864027302478929     
          32          33  0.858561971987897     
          32          34  0.876350318545356     
