   -0.17875791
   -0.03598406
   -0.06742865
   -0.10668201
    0.36119569
   -0.64436133
   -0.67711917
    0.28988934
    0.27554268
    0.10847378
    0.10908506
    0.04942730
    0.04081636
    0.05177129
    0.05428926
    0.31303622
   -0.67971796
    0.36829061
    0.34059490
   -0.68778831
    0.35223727
    0.33443755
   -0.66843619
    0.36211575
    0.34343250
   -0.68439731
    0.36409151
    0.35714117
   -0.67699036
    0.33112931
    0.34065873
   -0.68653696
    0.30895732
    0.34575395
   -0.66016184
    0.33290440
    0.31909013
