           1           2  0.979923632373876     
           2           3   1.00888196765606     
           3           4   1.00907643160541     
           4           5  0.942606105805748     
           5           6   1.52290415075188     
           5           7   1.42425795107145     
           6           7  0.199890393927190     
           1           8  0.851855434495987     
           1           9  0.909041893230891     
           2          10  0.959319371642628     
           2          11  0.961858089383511     
           3          12  0.974694346156141     
           3          13  0.975308633098486     
           4          14  0.960092316555794     
           4          15  0.960849730713630     
           1          16  0.796775351320706     
          17          18  0.862444748469356     
          17          19  0.881933460379838     
          20          21  0.871478148577070     
          20          22  0.838811857036728     
          23          24  0.864895401122222     
          23          25  0.834597023007216     
          26          27  0.863723783208259     
          26          28  0.868449613513809     
          29          30  0.828597279139289     
          29          31  0.878787570320085     
          32          33  0.828368147004952     
          32          34  0.876499180982705     
          35          36  0.849922804213048     
          35          37  0.860853285297509     
