   -0.17303451
   -0.02092531
   -0.06905814
   -0.10921826
    0.36374710
   -0.65631495
   -0.65258125
    0.29855293
    0.29640909
    0.09669749
    0.07008532
    0.04258485
    0.07279353
    0.06324489
    0.02494061
    0.29240124
   -0.71195958
    0.35486751
    0.35709195
   -0.68188809
    0.33319619
    0.36063197
   -0.67076596
    0.35354383
    0.31679565
   -0.66642054
    0.34830707
    0.33582507
   -0.71333785
    0.33539565
    0.34922069
   -0.67193869
    0.35109696
    0.35748841
   -0.69936970
    0.36086562
    0.36102920
