           1           2  0.987714465913932     
           2           3   1.01020167086191     
           3           4  0.996488466188588     
           4           5  0.936160300100222     
           5           6   1.51844763169875     
           5           7   1.44115585607583     
           6           7  0.205289247366881     
           1           8  0.856262380184707     
           1           9  0.854531246238604     
           2          10  0.968736547389524     
           2          11  0.971523042781129     
           3          12  0.974029844148255     
           3          13  0.969818273423925     
           4          14  0.972428476730612     
           4          15  0.972692564279635     
           1          16  0.831163591840137     
          17          18  0.873972777045723     
          17          19  0.872389584164020     
          20          21  0.854611774575658     
          20          22  0.866223445852671     
          23          24  0.869903723074939     
          23          25  0.826523235762767     
          26          27  0.872751625631737     
          26          28  0.836579466717211     
          29          30  0.847591666768833     
          29          31  0.877819582160084     
          32          33  0.842500690172617     
          32          34  0.869142978704762     
          35          36  0.866747844693434     
          35          37  0.867002348137435     
