   -0.17923204
   -0.02837882
   -0.07476272
   -0.10202959
    0.36336924
   -0.63843980
   -0.66427074
    0.28600004
    0.29142278
    0.08900820
    0.10220159
    0.06488251
    0.05770463
    0.03762715
    0.04738063
    0.30658499
   -0.67116043
    0.31290075
    0.35312582
   -0.67619857
    0.35363948
    0.33127931
   -0.66955347
    0.35892425
    0.34288469
   -0.69355013
    0.34689638
    0.30301830
   -0.68457798
    0.34218632
    0.35779885
   -0.67858327
    0.36578062
    0.33908625
   -0.66471209
    0.35306015
    0.31868670
