           1           2  0.985837039103276     
           2           3   1.00825394692884     
           3           4   1.00984834515811     
           4           5  0.943152508634337     
           5           6   1.48146715470566     
           5           7   1.45657316236548     
           6           7  0.195495798647543     
           1           8  0.880690690937319     
           1           9  0.851376912221580     
           2          10  0.969499175639317     
           2          11  0.961299276180991     
           3          12  0.968124160711640     
           3          13  0.973367109132677     
           4          14  0.962737680157254     
           4          15  0.962191107202916     
           1          16  0.809453145133609     
          17          18  0.852217030059570     
          17          19  0.871198572975328     
          20          21  0.869866400668939     
          20          22  0.855889720277210     
          23          24  0.868329097688596     
          23          25  0.836410826833813     
          26          27  0.879210496755880     
          26          28  0.848793685596407     
          29          30  0.851898677816312     
          29          31  0.868673351651053     
          32          33  0.862816748194862     
          32          34  0.882052393450990     
          35          36  0.870062664448502     
          35          37  0.856064456867544     
