   -0.11824247
    0.36614276
   -0.62651439
   -0.62692288
   -0.01737160
   -0.19078868
    0.08427639
    0.04499294
    0.07898082
    0.10651398
    0.27691954
    0.30540851
    0.31112718
   -0.68034281
    0.34606550
    0.33412417
   -0.67949571
    0.32180439
    0.35682181
   -0.67124816
    0.33582032
    0.36159545
   -0.66146260
    0.35274451
    0.32548305
   -0.68850497
    0.32445200
    0.31655556
   -0.70155442
    0.35043686
    0.32334812
   -0.66999782
    0.34513956
    0.36369311
