           1           2  0.940848113378139     
           2           3   1.42267114941487     
           2           4   1.52420601702977     
           3           4  0.200888419863103     
           1           5   1.00410232265214     
           5           6  0.985247087822908     
           1           7  0.953492375619065     
           1           8  0.980134967786993     
           5           9  0.972745687100516     
           5          10  0.959288192269202     
           6          11  0.909809618396969     
           6          12  0.816069120208328     
           6          13  0.802687061049713     
          14          15  0.876233041666830     
          14          16  0.844187410567702     
          17          18  0.828735033251964     
          17          19  0.869827814720860     
          20          21  0.841327601689045     
          20          22  0.864213465431002     
          23          24  0.869286120061168     
          23          25  0.831862915118701     
          26          27  0.866169854075500     
          26          28  0.861576770246765     
          29          30  0.877069436125553     
          29          31  0.857015199336839     
          32          33  0.840403170713796     
          32          34  0.863784439616097     
