   -0.18407143
   -0.01627081
   -0.08043150
   -0.09895492
    0.36107855
   -0.63511867
   -0.65164368
    0.29159441
    0.29002949
    0.07878777
    0.07114758
    0.07598478
    0.07032164
    0.03308629
    0.03728767
    0.29665607
   -0.68716235
    0.31409905
    0.32691831
   -0.63843957
    0.32962935
    0.33705983
   -0.69438929
    0.36711861
    0.35719359
   -0.70956099
    0.34282499
    0.33671754
   -0.68141218
    0.36744641
    0.35603293
   -0.66791350
    0.34941253
    0.31801034
   -0.68251427
    0.35871221
    0.36073322
