           1           2  0.989995192440725     
           2           3   1.00931981239170     
           3           4   1.00713056899031     
           4           5  0.942818526660556     
           5           6   1.42710162252609     
           5           7   1.51941297758366     
           6           7  0.201153320033668     
           1           8  0.850988277569687     
           1           9  0.847038535514599     
           2          10  0.971343536124330     
           2          11  0.972206279527967     
           3          12  0.966414350934086     
           3          13  0.970988093958258     
           4          14  0.972902036980625     
           4          15  0.957724674226709     
           1          16  0.816499080122634     
          17          18  0.841209545359140     
          17          19  0.891527530729215     
          20          21  0.839630621508777     
          20          22  0.841402754403301     
          23          24  0.863455633594495     
          23          25  0.870385534427418     
          26          27  0.882249119617153     
          26          28  0.844399156814566     
          29          30  0.862632509648977     
          29          31  0.870380949793939     
          32          33  0.873187407559736     
          32          34  0.845630505071377     
          35          36  0.867694007807142     
          35          37  0.866727446007698     
