   -0.12185179
    0.36478023
   -0.66428572
   -0.62301265
   -0.01667016
   -0.18157167
    0.07793422
    0.07883309
    0.08790933
    0.08411143
    0.30842662
    0.28288540
    0.30074474
   -0.67573553
    0.32383316
    0.35826144
   -0.66639216
    0.33465732
    0.31219249
   -0.67693352
    0.32180015
    0.35196396
   -0.66619093
    0.36368547
    0.33575791
   -0.68804487
    0.33097778
    0.35583045
   -0.68209938
    0.36026015
    0.36652084
   -0.67718634
    0.30513736
    0.33347120
