           1           2  0.943209996880560     
           2           3   1.38524849734757     
           2           4   1.55056113765410     
           3           4  0.194407279492403     
           1           5   1.01416714514239     
           5           6  0.983897080289572     
           1           7  0.951081625455596     
           1           8  0.961137898771681     
           5           9  0.970671727555332     
           5          10  0.968738855634411     
           6          11  0.804237940997116     
           6          12  0.905788731531071     
           6          13  0.836622970650075     
          14          15  0.857071600274502     
          14          16  0.868196427280218     
          17          18  0.859372380412356     
          17          19  0.847993266920319     
          20          21  0.845773529223509     
          20          22  0.872296169973331     
          23          24  0.863413136211983     
          23          25  0.840797852577774     
          26          27  0.844122802501017     
          26          28  0.866310355946505     
          29          30  0.866035248752348     
          29          31  0.862531227496000     
          32          33  0.870125855175365     
          32          34  0.865758640787298     
