   -0.17203318
   -0.03467686
   -0.06526656
   -0.10385092
    0.36373812
   -0.65226578
   -0.65672269
    0.28620835
    0.29204775
    0.11858345
    0.09793691
    0.04374704
    0.05521280
    0.04822774
    0.02867899
    0.32343589
   -0.69248480
    0.35277500
    0.33788426
   -0.65493066
    0.35003280
    0.32164219
   -0.69860439
    0.36373474
    0.36093704
   -0.70920461
    0.33078518
    0.34838986
   -0.68120123
    0.34825117
    0.30803248
   -0.65781941
    0.36119855
    0.34516908
   -0.69523755
    0.35180822
    0.33584103
