           1           2  0.980089126566182     
           2           3   1.00678517666042     
           3           4  0.994006020173039     
           4           5  0.934391887501793     
           5           6   1.51840654450586     
           5           7   1.44262021841281     
           6           7  0.204707834755633     
           1           8  0.902499515751043     
           1           9  0.900791360587522     
           2          10  0.958374821880129     
           2          11  0.968207053185376     
           3          12  0.975415314697406     
           3          13  0.974474374645964     
           4          14  0.970643788811979     
           4          15  0.980209302581889     
           1          16  0.782638406067802     
          17          18  0.873796518441734     
          17          19  0.829894237453416     
          20          21  0.876045846470653     
          20          22  0.855647472704997     
          23          24  0.864343810671730     
          23          25  0.866360645243946     
          26          27  0.848873271439690     
          26          28  0.878447316800689     
          29          30  0.873415228449597     
          29          31  0.830951898833648     
          16          32  0.100538014744486     
          32          33  0.864670907186327     
          32          34  0.841299890571432     
          35          36  0.874087286485059     
          35          37  0.833844685598109     
