   -0.11643219
    0.36499640
   -0.65618272
   -0.65043231
   -0.01669283
   -0.19453537
    0.06317127
    0.04004345
    0.07438353
    0.10738886
    0.27131994
    0.30009603
    0.31551732
   -0.69851306
    0.35989023
    0.35804089
   -0.71543830
    0.36319571
    0.35224250
   -0.66636142
    0.35351036
    0.33014994
   -0.67947926
    0.35353852
    0.34363090
   -0.68255547
    0.35089016
    0.34768829
   -0.63936044
    0.33252349
    0.34474479
   -0.67737465
    0.31732712
    0.34906833
