           1           2  0.926978552621185     
           2           3   1.51418921091466     
           2           4   1.45320632210691     
           3           4  0.206406639291088     
           1           5   1.00924238809496     
           5           6  0.985948956251668     
           1           7  0.959572812856796     
           1           8  0.979138227238360     
           5           9  0.972860937158150     
           5          10  0.958368965824823     
           6          11  0.912558167003133     
           6          12  0.814550059759491     
           6          13  0.786946288864663     
          14          15  0.866821794488855     
          14          16  0.868462664723388     
          17          18  0.868000843515604     
          17          19  0.875837009948832     
          20          21  0.869173921881980     
          20          22  0.845274833005712     
          23          24  0.867485232990832     
          23          25  0.844862025461300     
          26          27  0.872145761979514     
          26          28  0.816399937530759     
          13          29  0.101521851603058     
          29          30  0.856535795461114     
          29          31  0.846164176892630     
          32          33  0.837008838206789     
          32          34  0.873228554158411     
