    0.07527649
   -0.01726075
    0.29830322
    0.10786255
   -0.19201533
    0.04941600
   -0.11818671
   -0.62757358
    0.36396437
    0.27791468
   -0.64231782
    0.29945766
    0.08111875
   -0.71647836
    0.35145018
    0.33708835
   -0.70081068
    0.34985771
    0.31107421
   -0.64375814
    0.33254137
    0.34256328
   -0.68522215
    0.36133510
    0.35715744
   -0.67585843
    0.33570609
    0.35426187
   -0.68666412
    0.35459080
    0.36180299
   -0.67264039
    0.35348640
    0.32255695
