           1           2  0.973194694303680     
           2           4  0.963035529631856     
           2           5  0.984284013808611     
           3           5  0.840485463317449     
           2           7   1.00905955980626     
           6           7  0.973534579902837     
           7           9  0.943979135380104     
           8           9   1.44564622696488     
           5          10  0.860209347905702     
           8          11  0.197889779954163     
           9          11   1.49525149478744     
           5          12  0.818128889648079     
           7          13  0.949600657270891     
          14          15  0.876285728065407     
          14          16  0.846980225917623     
          17          18  0.877414509480858     
          17          19  0.849548597088342     
          20          21  0.847412702997229     
          20          22  0.837455980028799     
          23          24  0.867545310618556     
          23          25  0.869338027419678     
          26          27  0.845837148324880     
          26          28  0.869609437243458     
          29          30  0.871937541356012     
          29          31  0.866096073125966     
          32          33  0.871900208730852     
          32          34  0.855073591895167     
