           1           2  0.978566554232149     
           2           3   1.01230441786136     
           3           4   1.00237157742569     
           4           5  0.941839790897994     
           5           6   1.54118750789317     
           5           7   1.41046306858187     
           6           7  0.199751882984619     
           1           8  0.835070570249051     
           1           9  0.908237039101092     
           2          10  0.968883454164211     
           2          11  0.967749906272183     
           3          12  0.971440510332471     
           3          13  0.973472682458523     
           4          14  0.957095382029606     
           4          15  0.978051073688700     
           1          16  0.796572160236982     
           7          16  0.100426345448275     
          17          18  0.867058541112188     
          17          19  0.860850427803294     
          20          21  0.888242552514177     
          20          22  0.848789490362712     
