    0.09896074
   -0.04167913
    0.31068779
    0.13309804
   -0.19195578
    0.11569827
   -0.14092409
   -0.64655520
    0.36889316
    0.28245069
   -0.61142265
    0.30688042
    0.09585090
   -0.69899369
    0.34380661
    0.34676038
   -0.71317407
    0.33839979
    0.34585770
   -0.67644351
    0.34424192
    0.35606622
   -0.67829054
    0.32951833
    0.34522214
   -0.68277135
    0.33575740
    0.35457971
   -0.68945597
    0.32574979
    0.34119951
   -0.67814892
    0.33863376
    0.33244768
   -0.64995494
    0.34424366
    0.33956076
   -0.69431497
    0.35535443
    0.34927308
   -0.70189377
    0.35661592
    0.34378274
   -0.67908806
    0.32848603
    0.35542017
   -0.71088325
    0.35184321
    0.34329296
   -0.63066944
    0.32422966
    0.32055468
   -0.66685164
    0.36357084
    0.33353920
   -0.68749510
    0.34804690
    0.31873442
   -0.70520596
    0.32968120
    0.36205697
   -0.66520148
    0.33403122
    0.31182633
   -0.68813302
    0.35314194
    0.33312035
   -0.69630077
    0.34820584
    0.34960576
   -0.68172198
    0.32978454
    0.37755325
   -0.70244308
    0.32734748
    0.34954706
   -0.67950932
    0.34637408
    0.33007429
   -0.69620321
    0.32983371
    0.32866614
   -0.68933056
    0.32988674
    0.34176298
   -0.66663550
    0.34466569
    0.33665233
   -0.68232737
    0.33730435
    0.34863805
   -0.68643762
    0.33757066
    0.35805620
   -0.71426154
    0.34353827
    0.33809572
   -0.67368550
    0.35291338
    0.30981649
   -0.64944242
    0.32570483
    0.34326969
   -0.66270627
    0.32764976
    0.32933437
   -0.69715007
    0.32591288
    0.36287811
   -0.68883773
    0.35080047
    0.34003057
   -0.67940735
    0.33563943
    0.34962844
   -0.70728744
    0.33395156
    0.34569108
   -0.67662708
    0.31995183
    0.34868748
   -0.67749371
    0.33180612
    0.32962737
   -0.67932930
    0.34933174
    0.34157521
   -0.71618753
    0.36950055
    0.32688932
   -0.67700255
    0.33934777
    0.33179575
   -0.65728045
    0.33107224
    0.35860694
   -0.70432686
    0.33522188
    0.35204352
   -0.65612332
    0.33273205
    0.32179474
   -0.64128582
    0.33151352
    0.32271157
   -0.66341096
    0.32074269
    0.33463762
   -0.68256707
    0.34308006
    0.33756736
   -0.69186507
    0.34695420
    0.33915524
   -0.67291595
    0.35380330
    0.35713803
   -0.69081199
    0.32181367
    0.36849636
   -0.67389706
    0.33823646
    0.35093258
