           1           2  0.961636848138990     
           2           4  0.952573047212144     
           2           5  0.986948007751284     
           3           5  0.839769794190372     
           2           7   1.00522765637364     
           6           7  0.920539793446377     
           7           9  0.971544762007246     
           8           9   1.37844134862659     
           5          10  0.855804965959458     
           8          11  0.169788532181219     
           9          11   1.48624774380245     
           5          12  0.829667174472089     
           7          13  0.957141817149578     
          14          15  0.822020607066971     
          14          16  0.875666573760462     
          17          18  0.858198048716926     
          17          19  0.863948229383821     
          20          21  0.828305153013649     
          20          22  0.817430950666119     
          23          24  0.852494928332579     
          23          25  0.878410077245101     
          26          27  0.817772366954774     
          26          28  0.868116232083289     
          29          30  0.839640142357308     
          29          31  0.844739959555696     
          32          33  0.822958676401805     
          32          34  0.828940939858603     
          35          36  0.847219897734009     
          35          37  0.839110153318034     
          38          39  0.811567500648636     
          38          40  0.834117171711014     
          41          42  0.808426031381595     
          41          43  0.852853995604711     
          44          45  0.886145944658853     
          44          46  0.817425875748923     
          47          48  0.819553083023174     
          47          49  0.847292752020211     
          50          51  0.843818268117355     
          50          52  0.874689690274143     
          53          54  0.810894432590070     
          53          55  0.834213872726014     
          56          57  0.828411362158416     
          56          58  0.848597027526240     
          59          60  0.875007458406928     
          59          61  0.803268382853563     
          62          63  0.837214018614705     
          62          64  0.862284681079118     
          65          66  0.872146204831665     
          65          67  0.842082035492095     
          68          69  0.802165349776481     
          68          70  0.873713314200383     
          71          72  0.859562443787178     
          71          73  0.809952457373028     
          74          75  0.845238264715211     
          74          76  0.800828146374250     
          77          78  0.832668197782889     
          77          79  0.855209293732150     
          80          81  0.871978487015263     
          80          82  0.853959305102943     
          83          84  0.856590326914726     
          83          85  0.842276378263165     
          86          87  0.870034487135702     
          86          88  0.836055467233893     
          89          90  0.879950768976850     
          89          91  0.841874376250139     
          92          93  0.878602912811193     
          92          94  0.816055383294494     
          95          96  0.811883053884029     
          95          97  0.821535851217704     
          98          99  0.802017410219709     
          98         100  0.865841913059982     
         101         102  0.856691321698653     
         101         103  0.826678958566659     
         104         105  0.852331445629208     
         104         106  0.832488289963245     
         107         108  0.843656905280998     
         107         109  0.788168638294711     
         110         111  0.868467891795060     
         110         112  0.808744993167240     
         113         114  0.797721456673944     
         113         115  0.873841999481292     
         116         117  0.853750225923714     
         116         118  0.828446387541318     
         119         120  0.888983878380548     
         119         121  0.794031927749088     
         122         123  0.840563041636002     
         122         124  0.846593802835882     
         125         126  0.829154882971823     
         125         127  0.876579054062143     
         128         129  0.763100291486522     
         128         130  0.860560419518937     
         131         132  0.848623593547595     
         131         133  0.837662285866821     
         134         135  0.851381568965896     
         134         136  0.790550928554180     
         137         138  0.848478690907798     
         137         139  0.830865162550886     
         140         141  0.835579835829069     
         140         142  0.847066648408384     
         143         144  0.835507497644044     
         143         145  0.848035222016795     
         146         147  0.849717786447049     
         146         148  0.844378929404170     
         149         150  0.875925819466400     
         149         151  0.815671174159980     
         152         153  0.826098010057363     
         152         154  0.856933259274623     
         155         156  0.822269355869892     
         155         157  0.802920119855403     
         158         159  0.855414421938887     
         158         160  0.799716206661276     
         161         162  0.860597146266611     
         161         163  0.835643947812089     
