           1           2  0.990044599144418     
           2           3   1.00874976892401     
           3           4   1.00226433338920     
           4           5  0.981744778304018     
           5           6   1.45084493829323     
           5           7   1.39538969329289     
           6           7  0.167356334786631     
           1           8  0.827344007594033     
           1           9  0.826158683174383     
           2          10  0.954314063205044     
           2          11  0.962056870282813     
           3          12  0.964078322363099     
           3          13  0.960840763552955     
           4          14  0.930687969411624     
           4          15  0.953594650819571     
           1          16  0.851316101820508     
          17          18  0.873881812236535     
          17          19  0.822499240261899     
          20          21  0.789290956797220     
          20          22  0.883920757668819     
          23          24  0.828426985907643     
          23          25  0.853887114023662     
          26          27  0.846873101833851     
          26          28  0.846342664876723     
          29          30  0.826261612168394     
          29          31  0.876851257845708     
          32          33  0.854628982138839     
          32          34  0.861009768185639     
          35          36  0.882404557571306     
          35          37  0.802283351805188     
          38          39  0.824625700997592     
          38          40  0.860660603193482     
          41          42  0.809457475105988     
          41          43  0.856919450576168     
          44          45  0.833303613710473     
          44          46  0.850252819714775     
          47          48  0.845406257728456     
          47          49  0.854148401736243     
          50          51  0.866724177271107     
          50          52  0.834941460927833     
          53          54  0.810390985154650     
          53          55  0.816065449708660     
          56          57  0.845035629107385     
          56          58  0.852301190918293     
          59          60  0.820608235031456     
          59          61  0.838590982834769     
          62          63  0.855168869555513     
          62          64  0.872310334799124     
          65          66  0.844191148124908     
          65          67  0.809237871095527     
          68          69  0.886684995690918     
          68          70  0.776858691411348     
          71          72  0.844471682247131     
          71          73  0.813144160422205     
          74          75  0.881809836361716     
          74          76  0.787100827937574     
          77          78  0.829825559111781     
          77          79  0.868019344342285     
          80          81  0.841551521804511     
          80          82  0.843075307751285     
          83          84  0.850719774939669     
          83          85  0.863709927404517     
          86          87  0.813628291402464     
          86          88  0.843286673645645     
          89          90  0.875880333717827     
          89          91  0.838732677126366     
          92          93  0.838155809912062     
          92          94  0.828480582057370     
          95          96  0.810633277803368     
          95          97  0.860302597807663     
          98          99  0.781355050941786     
          98         100  0.860914147936360     
         101         102  0.823364481780303     
         101         103  0.865970911862924     
         104         105  0.789634590401533     
         104         106  0.881192975517665     
         107         108  0.844574894318090     
         107         109  0.844980844617262     
         110         111  0.874465479573862     
         110         112  0.811099489254917     
         113         114  0.838115164883317     
         113         115  0.821289600202553     
         116         117  0.848678003004265     
         116         118  0.838906894311764     
         119         120  0.861417810102891     
         119         121  0.835802941434032     
         122         123  0.878081571141586     
         122         124  0.829483507071818     
         125         126  0.851599204263946     
         125         127  0.817665712733407     
         128         129  0.849498539380546     
         128         130  0.805658680743952     
         131         132  0.840058753090386     
         131         133  0.869037745548598     
         134         135  0.842074192719303     
         134         136  0.827648223835997     
         137         138  0.810913339062729     
         137         139  0.837716200613959     
         140         141  0.834074457093176     
         140         142  0.847149972430270     
         143         144  0.839796322074047     
         143         145  0.827674338288572     
         146         147  0.780920813455606     
         146         148  0.858619968849380     
         149         150  0.848917377081076     
         149         151  0.832916112476897     
         152         153  0.849586314109716     
         152         154  0.822718063369793     
         155         156  0.797027583397655     
         155         157  0.877925608711996     
         158         159  0.844758026644765     
         158         160  0.871882876452202     
         161         162  0.838687293527913     
         161         163  0.821057323771852     
         164         165  0.825808260916600     
         164         166  0.826882228329155     
