   -0.18518117
   -0.01596694
   -0.08026694
   -0.09793314
    0.36092489
   -0.62895796
   -0.65717337
    0.29879838
    0.30704869
    0.07975881
    0.06636952
    0.07725924
    0.07126414
    0.03163128
    0.03810359
    0.28515799
   -0.67762253
    0.35072017
    0.34622064
   -0.65491272
    0.33006934
    0.34820384
   -0.65034360
    0.35500426
    0.33513319
   -0.67293600
    0.31818127
    0.34678923
   -0.69736976
    0.36266125
    0.35598492
   -0.69115222
    0.33256679
    0.31259857
   -0.68843374
    0.34551605
    0.34228401
