           1           2  0.992749049160438     
           2           3   1.00837563368214     
           3           4   1.00510274935422     
           4           5  0.944024365749600     
           5           6   1.47470488725280     
           5           7   1.47015470387650     
           6           7  0.202270606574396     
           1           8  0.821788215826715     
           1           9  0.796953615263165     
           2          10  0.970518198478531     
           2          11  0.971901532816380     
           3          12  0.966227751317819     
           3          13  0.972075136162619     
           4          14  0.976189388265121     
           4          15  0.957648688762004     
           1          16  0.895229444962406     
          17          18  0.871430116876248     
          17          19  0.858001666917986     
          20          21  0.857400728629299     
          20          22  0.839581433891214     
          23          24  0.871146626441805     
          23          25  0.841994888639852     
          26          27  0.842995286203415     
          26          28  0.873462373524782     
          29          30  0.865886773832324     
          29          31  0.871326298068688     
          32          33  0.887215342068380     
          32          34  0.843194961409005     
          35          36  0.876079123242904     
          35          37  0.842364423336141     
