   -0.18589725
   -0.03133544
   -0.06773393
   -0.10484462
    0.36187228
   -0.64153831
   -0.67323896
    0.28658622
    0.27143855
    0.09039349
    0.11341767
    0.04764037
    0.04302149
    0.04866726
    0.04921706
    0.31694316
   -0.69623486
    0.35669240
    0.36094846
   -0.64400901
    0.33434159
    0.34186172
   -0.68100594
    0.33620886
    0.35228178
   -0.67897165
    0.35851622
    0.35873444
   -0.68602506
    0.34973796
    0.30876903
   -0.67720823
    0.35697795
    0.31726552
   -0.66693868
    0.32324916
    0.35019933
