           1           2  0.985234169821321     
           2           3   1.00834730930404     
           3           4   1.00925167554670     
           4           5  0.940559590461631     
           5           6   1.52463220552276     
           5           7   1.42556002890161     
           6           7  0.200227856368396     
           1           8  0.851642390788595     
           1           9  0.911274766185184     
           2          10  0.968985692944977     
           2          11  0.957755170262175     
           3          12  0.975236771890814     
           3          13  0.974334602293970     
           4          14  0.960273571449836     
           4          15  0.964540179070567     
           1          16  0.767116328736317     
          17          18  0.869514902617075     
          17          19  0.866853028584183     
          16          20  0.120115851596395     
          20          21  0.855588518539393     
          20          22  0.830099047546546     
          23          24  0.843487405272266     
          23          25  0.873184206836456     
          26          27  0.870468847082428     
          26          28  0.867697698378258     
          29          30  0.873069472731426     
          29          31  0.826932752895496     
          32          33  0.868090460466192     
          32          34  0.854433588565411     
          35          36  0.854337875638844     
          35          37  0.872216154681231     
