    0.08803237
   -0.01964243
    0.29957643
    0.10365399
   -0.18274958
    0.07409694
   -0.11863277
   -0.60442639
    0.36596018
    0.29880529
   -0.62597705
    0.30215916
    0.07825331
   -0.68257140
    0.35792502
    0.36613490
   -0.69469984
    0.33110590
    0.35581229
   -0.70387513
    0.34987780
    0.32503368
   -0.68088010
    0.32811787
    0.31272200
   -0.69959676
    0.35226755
    0.35055103
   -0.68018376
    0.33319413
    0.31773250
   -0.68101456
    0.32649024
    0.35674721
