           1           2  0.970852663339458     
           2           4  0.968014900444422     
           2           5  0.976976760173520     
           3           5  0.897881558459739     
           2           7   1.01299064303444     
           6           7  0.960583072369577     
           7           9  0.952185935345906     
           8           9   1.44195496477810     
           5          10  0.837090718686926     
           8          11  0.196574573306744     
           9          11   1.49044637597764     
           5          12  0.838896938790883     
           7          13  0.950608225904248     
          14          15  0.868116219292111     
          14          16  0.861384889148446     
          17          18  0.847281153686051     
          17          19  0.871168648008400     
          20          21  0.877436916236228     
          20          22  0.854346344747508     
          23          24  0.860635678994966     
          23          25  0.875971026825726     
          26          27  0.875539205769569     
          26          28  0.876646373753583     
          29          30  0.857293010678003     
          29          31  0.842702870664629     
          32          33  0.828862118981116     
          32          34  0.869693961138990     
