   -0.19545014
   -0.02866577
   -0.07924031
   -0.10225076
    0.36271132
   -0.64866852
   -0.62397805
    0.27971143
    0.30738817
    0.11709486
    0.07090017
    0.06404183
    0.08514390
    0.03639483
    0.03247865
    0.28657379
   -0.69879517
    0.36225874
    0.36451166
   -0.70350787
    0.32554649
    0.34682515
   -0.69208991
    0.33103596
    0.33945325
   -0.66230723
    0.34972798
    0.32661961
   -0.68639134
    0.35272145
    0.35074487
   -0.63862463
    0.34254482
    0.34456102
   -0.68789907
    0.32703642
    0.34184238
