           1           2  0.975488387268337     
           2           3   1.01341330401419     
           3           4   1.00633805729060     
           4           5  0.944590278070077     
           5           6   1.54061748098197     
           5           7   1.39237406333215     
           6           7  0.188826332130261     
           1           8  0.909216330763280     
           1           9  0.811898124334392     
           2          10  0.956087692416377     
           2          11  0.972309988251756     
           3          12  0.970432177801710     
           3          13  0.961710648133007     
           4          14  0.958015187266530     
           4          15  0.967046234673288     
           1          16  0.818909368240226     
          17          18  0.865419439048583     
          17          19  0.865518703631973     
          20          21  0.850111581740549     
          20          22  0.879368232134810     
          23          24  0.849133212556952     
          23          25  0.883304321292015     
          26          27  0.871191010204761     
          26          28  0.840334184473300     
          29          30  0.871365294411207     
          29          31  0.814936476527836     
          32          33  0.836331183344837     
          32          34  0.839468811767801     
          35          36  0.859015634772085     
          35          37  0.838131511289951     
