    0.07486344
   -0.02100082
    0.29168305
    0.11655201
   -0.18445798
    0.07057609
   -0.12651564
   -0.62098408
    0.36408697
    0.29701847
   -0.64577819
    0.29596594
    0.08974041
   -0.67153916
    0.37231694
    0.36533760
   -0.70718330
    0.33182935
    0.34488325
   -0.68403152
    0.35492854
    0.33855064
   -0.68489040
    0.31974497
    0.34697154
   -0.69393414
    0.35221943
    0.32771425
   -0.68233435
    0.31799950
    0.34746649
   -0.66300070
    0.33877681
    0.32642458
