           1           2  0.973360633427566     
           2           4  0.959377232137342     
           2           5  0.974038076957149     
           3           5  0.902599592593275     
           2           7   1.00844299446208     
           6           7  0.964267563110044     
           7           9  0.949244543649243     
           8           9   1.46656824862274     
           5          10  0.817861412891283     
           8          11  0.196240006391465     
           9          11   1.47389897382285     
           5          12  0.848192583328181     
           7          13  0.942440061757575     
          14          15  0.856853215019172     
          14          16  0.863426610154248     
          17          18  0.847611154036261     
          17          19  0.880881461087130     
          20          21  0.871397897181858     
          20          22  0.844201479350110     
          23          24  0.865318338291659     
          23          25  0.878165140877599     
          26          27  0.873502346788201     
          26          28  0.857017415823738     
          29          30  0.825003184832055     
          29          31  0.874173438918888     
          32          33  0.867224221573482     
          32          34  0.870126329302008     
