   -0.21254696
   -0.07004437
   -0.11895477
   -0.14219024
    0.36343268
   -0.62739110
   -0.65288793
    0.30386800
    0.30317226
    0.11270360
    0.12878102
    0.09364930
    0.08339120
    0.11576135
    0.10359321
    0.32893440
   -0.70660120
    0.33975758
    0.34907129
   -0.69076628
    0.35565725
    0.34985275
   -0.69413141
    0.36896169
    0.35778242
   -0.67584417
    0.34008063
    0.34656015
   -0.71148496
    0.37412098
    0.32464552
   -0.64561416
    0.37077356
    0.34769217
   -0.65042463
    0.33339978
    0.31618761
   -0.70707107
    0.33946309
    0.33739240
   -0.71774898
    0.34965922
    0.34293155
   -0.72183728
    0.34929861
    0.33254355
   -0.64945440
    0.31691209
    0.34114679
   -0.69782940
    0.34072162
    0.32907747
   -0.63143600
    0.33897834
    0.36610249
   -0.71637880
    0.33942949
    0.35263566
   -0.69472552
    0.34407616
    0.31763794
   -0.66647804
    0.33037677
    0.36106874
   -0.70209263
    0.33252014
    0.35864459
   -0.67639894
    0.32545043
    0.33755940
   -0.72761947
    0.37153514
    0.33347770
   -0.67864053
    0.33890744
    0.32107523
   -0.65179886
    0.34320947
    0.35124621
   -0.68383172
    0.33035528
    0.33318569
   -0.68668690
    0.38624034
    0.34464041
   -0.67978289
    0.34223472
    0.34232348
   -0.68663012
    0.33893518
    0.34064439
   -0.70847586
    0.33108292
    0.36976554
   -0.68136639
    0.30620898
    0.36764105
   -0.70673458
    0.34084861
    0.34463680
   -0.70042408
    0.34930251
    0.37155307
   -0.63946463
    0.33866925
    0.34739083
   -0.64505439
    0.36220869
    0.31199558
   -0.64104955
    0.31999412
    0.32460963
   -0.67003146
    0.34230807
    0.31453261
   -0.71964901
    0.31263612
    0.38321785
   -0.69552136
    0.33620471
    0.37753980
   -0.70342957
    0.31108389
    0.35428766
   -0.66915527
    0.32540319
    0.35754649
   -0.72296866
    0.37455083
    0.31158832
   -0.72413734
    0.32388315
    0.36866593
   -0.68133288
    0.34205240
    0.34183188
   -0.71254127
    0.33587587
    0.37471102
   -0.71164368
    0.33533454
    0.34683218
   -0.67967307
    0.34227107
    0.32953375
   -0.67422618
    0.34444112
    0.33533107
   -0.68033597
    0.32505417
    0.32991770
   -0.72443059
    0.33268568
    0.37424515
   -0.67833599
    0.36529022
    0.36633126
   -0.71270686
    0.34813187
    0.38426422
   -0.72836404
    0.33545790
    0.35229116
   -0.67265098
    0.33823799
    0.33166758
   -0.73334190
    0.35331096
    0.34179297
   -0.70294176
    0.34156016
    0.34814554
   -0.71609840
    0.32806637
    0.37758669
   -0.68325711
    0.35110281
    0.32453699
   -0.70599324
    0.34438458
    0.32731149
   -0.64934711
    0.36894088
    0.32369345
   -0.68910197
    0.37598832
    0.33469178
   -0.71492588
    0.37856785
    0.39148705
   -0.69651171
    0.36924917
    0.32044475
   -0.64014987
    0.32251925
    0.31020188
   -0.71237643
    0.31628784
    0.37705808
   -0.70535852
    0.31473560
    0.37539219
   -0.68033063
    0.31376018
    0.34562416
   -0.68655733
    0.33400552
    0.34572546
   -0.70367215
    0.34575494
    0.33292016
   -0.68631890
    0.33766016
    0.34544103
   -0.68245538
    0.34478273
    0.34226330
   -0.66572794
    0.32754785
    0.33631008
   -0.71020210
    0.32975421
    0.35158424
   -0.69758069
    0.36898836
    0.33099074
   -0.70962509
    0.34052690
    0.34957637
   -0.64461829
    0.33014501
    0.33621039
   -0.65928584
    0.36365337
    0.31600542
   -0.65910836
    0.31056720
    0.38333394
   -0.71389996
    0.32621713
    0.36238443
   -0.63634288
    0.34039434
    0.33680235
   -0.69427733
    0.34376462
    0.33525288
   -0.69653901
    0.34730621
    0.34019223
   -0.70133119
    0.36290096
    0.35198049
   -0.68635273
    0.35232384
    0.33833560
