           1           2  0.990165913969582     
           2           3   1.00818146381064     
           3           4   1.00513841837931     
           4           5  0.992781332893084     
           5           6   1.43527742716154     
           5           7   1.38114627988650     
           6           7  0.159961065759614     
           1           8  0.840033938237420     
           1           9  0.852174598076950     
           2          10  0.959353583821346     
           2          11  0.952570987518937     
           3          12  0.955726391914361     
           3          13  0.953369197882336     
           4          14  0.922809116713807     
           4          15  0.927485565571327     
           1          16  0.810489710987047     
          17          18  0.839316965301738     
          17          19  0.814030020225899     
          20          21  0.847667004688656     
          20          22  0.842753838344042     
          23          24  0.776609058674565     
          23          25  0.814208717907517     
          26          27  0.876070120722675     
          26          28  0.829270432127165     
          29          30  0.788585401542200     
          29          31  0.869899613046523     
          32          33  0.820200713175903     
          32          34  0.850377694046614     
          35          36  0.826883774555590     
          35          37  0.862221633803474     
          38          39  0.827198408334152     
          38          40  0.821749860094692     
          41          42  0.837982030302184     
          41          43  0.824223351628420     
          44          45  0.804391974809138     
          44          46  0.849249095804845     
          47          48  0.868103934255888     
          47          49  0.817647364597408     
          50          51  0.838893706354444     
          50          52  0.850239391688214     
          53          54  0.863959947992097     
          53          55  0.808424484515156     
          56          57  0.829721567716314     
          56          58  0.832273423450310     
          59          60  0.821689721711354     
          59          61  0.873734367375436     
          62          63  0.865069390873187     
          62          64  0.779518329080963     
          65          66  0.883428293399639     
          65          67  0.801046140268840     
          68          69  0.844435044343282     
          68          70  0.812110939204787     
          71          72  0.753643354211459     
          71          73  0.843840461228489     
          74          75  0.849882626810890     
          74          76  0.856010272833423     
          77          78  0.844067306358667     
          77          79  0.806144895536699     
          80          81  0.850014267773848     
          80          82  0.827625876674951     
          72          83  0.105593317831398     
          83          84  0.761477971729482     
          83          85  0.827498121959024     
          86          87  0.843950530803821     
          86          88  0.855580582255189     
          89          90  0.857532021578103     
          89          91  0.852361093889115     
          92          93  0.827229925274538     
          92          94  0.753831865194765     
          95          96  0.876226969102608     
          95          97  0.783853878067870     
          98          99  0.838591097955871     
          98         100  0.805303978163179     
         101         102  0.836267296681616     
         101         103  0.777473049148444     
         104         105  0.852458084134664     
         104         106  0.828425454393460     
         107         108  0.815012946813281     
         107         109  0.871442748971689     
         110         111  0.841806295835995     
         110         112  0.868993016008005     
         113         114  0.812552449379160     
         113         115  0.855360003497594     
         116         117  0.874269397774674     
         116         118  0.749369775837651     
         119         120  0.858845747465695     
         119         121  0.800727511716072     
         122         123  0.863998463048477     
         122         124  0.792390490299795     
         125         126  0.888555363156962     
         125         127  0.814673171286224     
         128         129  0.757288885780033     
         128         130  0.860254588901182     
         131         132  0.850297340295820     
         131         133  0.764359347240429     
         134         135  0.876335018805695     
         134         136  0.820504913890915     
         137         138  0.832222522536004     
         137         139  0.833833828443715     
         140         141  0.828699037351052     
         140         142  0.855732646723697     
         143         144  0.827013027684925     
         143         145  0.838691599153703     
         146         147  0.851545445120074     
         146         148  0.831810041156493     
         149         150  0.837320526495856     
         149         151  0.865384984726402     
         152         153  0.854077031520333     
         152         154  0.801531587383633     
         155         156  0.812917112789703     
         155         157  0.807137019691418     
         158         159  0.809294869178336     
         158         160  0.807209977874655     
         161         162  0.854494665195211     
         161         163  0.817824120905621     
         164         165  0.842665521368301     
         164         166  0.846598602850629     
         167         168  0.811664283436048     
         167         169  0.834208351878495     
         170         171  0.828338126592697     
         170         172  0.875350013906141     
         173         174  0.881671963762588     
         173         175  0.757885361822656     
         176         177  0.815899361984415     
         176         178  0.833923473386017     
         179         180  0.812227126789209     
         179         181  0.847299694289106     
         182         183  0.812985913905625     
         182         184  0.846506417968403     
         185         186  0.762709705856064     
         185         187  0.838157063349492     
         188         189  0.776051420914649     
         188         190  0.774666214271535     
         191         192  0.783404088456368     
         191         193  0.856329791004825     
         194         195  0.846947572834331     
         194         196  0.875048885740444     
         197         198  0.851818044280830     
         197         199  0.769664836122464     
         200         201  0.879683379948131     
         200         202  0.799593503835637     
         203         204  0.853144836988347     
         203         205  0.823982224057965     
         206         207  0.845281024655907     
         206         208  0.838999934036879     
         209         210  0.824365582105196     
         209         211  0.885788301289094     
         212         213  0.877828251925646     
         212         214  0.805795202748470     
         215         216  0.859337025662829     
         215         217  0.858575322942168     
         218         219  0.856506196696046     
         218         220  0.828436894551926     
         221         222  0.888198046294743     
         221         223  0.797600335964666     
         224         225  0.778790405364040     
         224         226  0.850006076413034     
         227         228  0.842355066189952     
         227         229  0.846272688833122     
         230         231  0.831580765523983     
         230         232  0.840107625322432     
         233         234  0.799837978872347     
         233         235  0.865607620698101     
         236         237  0.884167099677089     
         236         238  0.757986305470457     
         239         240  0.876657043564710     
         239         241  0.793582899421855     
         242         243  0.833945178609198     
         242         244  0.839301331725173     
         245         246  0.828380849161158     
         245         247  0.876091186571338     
         248         249  0.876006660773632     
         248         250  0.827234532395808     
         251         252  0.836260862224948     
         251         253  0.819652907176568     
         254         255  0.831087482310405     
         254         256  0.832024165077940     
