   -0.19662053
   -0.02346134
   -0.07318544
   -0.10244664
    0.36190012
   -0.65534503
   -0.61183075
    0.29204863
    0.28184500
    0.09613377
    0.08190119
    0.05629533
    0.05835652
    0.04344232
    0.02149014
    0.29406152
   -0.67853893
    0.32120623
    0.34595365
   -0.67189062
    0.34569872
    0.34143566
   -0.67565173
    0.35075876
    0.35216452
   -0.68727170
    0.34952647
    0.34824322
   -0.69472512
    0.35287386
    0.34609418
   -0.66823080
    0.34902908
    0.35254846
   -0.68723799
    0.34523826
    0.33819102
