           1           2  0.988695616144778     
           2           3   1.01056998175695     
           3           4   1.00352119163307     
           4           5  0.936843004063996     
           5           6   1.52686520896648     
           5           7   1.42685140579022     
           6           7  0.201363246354568     
           1           8  0.838349821020560     
           1           9  0.818271795298577     
           2          10  0.969573424276024     
           2          11  0.969947589286033     
           3          12  0.973282934790097     
           3          13  0.973087660022918     
           4          14  0.958249895513897     
           4          15  0.977759582245270     
           1          16  0.835477015153231     
          17          18  0.864534951359426     
          17          19  0.839773456046366     
          20          21  0.798435599048300     
          20          22  0.874110762246712     
          23          24  0.870757249965700     
          23          25  0.821347551061953     
          26          27  0.844845437411907     
          26          28  0.837996711189257     
          29          30  0.792994899503706     
          29          31  0.870908083132094     
          32          33  0.825126283383494     
          32          34  0.867250565735767     
          35          36  0.841616108975256     
          35          37  0.832986501630913     
