   -0.17476144
   -0.02226322
   -0.06803274
   -0.11006176
    0.36414878
   -0.65940079
   -0.65192332
    0.30297876
    0.30710105
    0.09479258
    0.07386094
    0.04107311
    0.06556679
    0.06830239
    0.02219690
    0.28448260
   -0.69640284
    0.34861884
    0.33575010
   -0.65450052
    0.33717851
    0.33927759
   -0.68996875
    0.34298197
    0.34816851
   -0.68855649
    0.34306504
    0.34733066
   -0.64205242
    0.32277342
    0.34549572
   -0.68056176
    0.34172778
    0.35350942
   -0.68934160
    0.34901373
    0.34843243
