           1           2  0.988203004029569     
           2           3   1.00987132683050     
           3           4  0.997649115906709     
           4           5  0.934896628959882     
           5           6   1.51587930406619     
           5           7   1.44326702677670     
           6           7  0.204911310800915     
           1           8  0.803653718902454     
           1           9  0.841271889234352     
           2          10  0.969117185207065     
           2          11  0.971892824433223     
           3          12  0.973692775544807     
           3          13  0.971393200532971     
           4          14  0.970700782784486     
           4          15  0.970224977222795     
           1          16  0.891436971337563     
          17          18  0.877525115794199     
          17          19  0.861857778659674     
          20          21  0.872108108322938     
          20          22  0.832165266599140     
          23          24  0.877803510695587     
          23          25  0.837923622103675     
          26          27  0.833364013750897     
          26          28  0.874532371327480     
          29          30  0.823842669729806     
          29          31  0.837714235156844     
          32          33  0.829358633120584     
          32          34  0.870992719178807     
          35          36  0.872196001371231     
          35          37  0.840260445025145     
