   -0.17370532
   -0.02537036
   -0.08025740
   -0.11329412
    0.36318914
   -0.66117455
   -0.63465656
    0.28937051
    0.30914324
    0.12015656
    0.05850918
    0.06656582
    0.09403827
    0.06233369
    0.03210587
    0.27862236
   -0.68765245
    0.32532620
    0.34530579
   -0.66010139
    0.34024378
    0.36433080
   -0.67887258
    0.35072995
    0.33351623
   -0.68483617
    0.31014227
    0.34608228
   -0.67432955
    0.35760668
    0.32194559
   -0.66622841
    0.35850406
    0.33416690
   -0.70500953
    0.33947114
    0.34408207
