           1           2  0.972443329607765     
           2           3   1.01072469840958     
           3           4  0.989546735315047     
           4           5  0.947090417331338     
           5           6   1.45890626979616     
           5           7   1.48175574911232     
           6           7  0.197861270516489     
           1           8  0.903034603134963     
           1           9  0.823509786485447     
           2          10  0.955696766657810     
           2          11  0.974999136371800     
           3          12  0.966737146068844     
           3          13  0.960178580535219     
           4          14  0.965926531336616     
           4          15  0.976162265978999     
           1          16  0.859333266953923     
          17          18  0.859813027289348     
          17          19  0.879123609758518     
          20          21  0.837830062656070     
          20          22  0.859789804867293     
          23          24  0.872673279085833     
          23          25  0.844769959291694     
          26          27  0.834558245689837     
          26          28  0.875492384002812     
          29          30  0.868881290209900     
          29          31  0.861357685001419     
          32          33  0.866602247503810     
          32          34  0.849610759812590     
          35          36  0.847238018668032     
          35          37  0.880387039110930     
