   -0.19055880
   -0.02933150
   -0.07429105
   -0.10452901
    0.36252613
   -0.64827475
   -0.59954714
    0.30028639
    0.27749398
    0.11172230
    0.10087057
    0.06289348
    0.05212927
    0.05305743
    0.02820630
    0.28685803
   -0.69864932
    0.35452178
    0.32044521
   -0.69167822
    0.34340978
    0.35075672
   -0.68579931
    0.35256874
    0.34184004
   -0.68595723
    0.31232591
    0.34902759
   -0.68885777
    0.35472774
    0.34042324
   -0.68404780
    0.33824020
    0.34565990
   -0.66261288
    0.34838263
    0.35576145
