           1           2  0.976989834997253     
           2           3   1.01259078460674     
           3           4   1.00327136441296     
           4           5  0.944296918942610     
           5           6   1.47696555548047     
           5           7   1.46999954521580     
           6           7  0.198699697715092     
           1           8  0.824078396580160     
           1           9  0.909825501287864     
           2          10  0.962170908385721     
           2          11  0.965242473252524     
           3          12  0.972000552827941     
           3          13  0.973630193928546     
           4          14  0.955679245050204     
           4          15  0.976345505175852     
           1          16  0.807281922512061     
          17          18  0.874290555762082     
          17          19  0.864043057732669     
          20          21  0.830453792417229     
          20          22  0.873713855825392     
          23          24  0.872084785079361     
          23          25  0.837892055858746     
          26          27  0.835768779289231     
          26          28  0.875533412604034     
          29          30  0.869755777591303     
          29          31  0.829394886931887     
          32          33  0.829459484326808     
          32          34  0.876489107979197     
          35          36  0.813634891055705     
          35          37  0.866555415418664     
