    0.09188967
   -0.01716124
    0.30131718
    0.10205050
   -0.18942541
    0.04705630
   -0.11563128
   -0.63405213
    0.36380373
    0.28402897
   -0.66138298
    0.28263392
    0.05656234
   -0.67154545
    0.35349188
    0.36128467
   -0.68754300
    0.36655422
    0.35438859
   -0.67665091
    0.33408340
    0.35410194
   -0.71630670
    0.35726597
    0.35904060
   -0.68722470
    0.35027503
    0.34886378
   -0.70007972
    0.33191391
    0.34238755
   -0.68439965
    0.34407619
    0.35433282
