           1           2  0.967277239831769     
           2           4  0.966631155618543     
           2           5  0.981214346222042     
           3           5  0.828032475496483     
           2           7   1.01241350687907     
           6           7  0.972442810124781     
           7           9  0.932226384185001     
           8           9   1.45197263763305     
           5          10  0.837263837890280     
           8          11  0.205337963569189     
           9          11   1.51506660828075     
           5          12  0.861178510029872     
           7          13  0.958945193877657     
          14          15  0.816183589890301     
          14          16  0.862641463201057     
          17          18  0.861696811186982     
          17          19  0.871226134591500     
          20          21  0.846078569691539     
          20          22  0.868751192333740     
          23          24  0.872222364755762     
          23          25  0.870951123046541     
          26          27  0.832349209371433     
          26          28  0.874708149752341     
          29          30  0.850515216163565     
          29          31  0.882164944508368     
          32          33  0.820245296803203     
          32          34  0.868473409812536     
