   -0.17849382
   -0.03706980
   -0.06819389
   -0.10648911
    0.36179438
   -0.64262975
   -0.67408368
    0.28415130
    0.28456204
    0.11471174
    0.11087705
    0.04453950
    0.04731622
    0.05611847
    0.04335388
    0.32998901
   -0.68955612
    0.35277818
    0.34540373
   -0.64406414
    0.33925913
    0.35198009
   -0.67244315
    0.34279235
    0.31927853
   -0.68341045
    0.34235998
    0.33791878
   -0.68879884
    0.34961760
    0.30876402
   -0.67373959
    0.35181614
    0.31607672
   -0.69704919
    0.35815637
    0.36240631
