           1           2  0.978445335233520     
           2           3   1.01009130818981     
           3           4   1.00866183869364     
           4           5  0.941232379507053     
           5           6   1.52180052741080     
           5           7   1.42751345618485     
           6           7  0.200118070161329     
           1           8  0.904945772114114     
           1           9  0.904924882801991     
           2          10  0.960799329398002     
           2          11  0.962687199780831     
           3          12  0.975118867985843     
           3          13  0.974172217050681     
           4          14  0.959026857250247     
           4          15  0.964053848355636     
           1          16  0.768387080685269     
          17          18  0.834921628611490     
          17          19  0.877173658952866     
          16          20  0.111083054466744     
          20          21  0.841707313498258     
          20          22  0.819897048983587     
          23          24  0.833589162212604     
          23          25  0.866864264231833     
          26          27  0.877440798140320     
          26          28  0.824891394273582     
          29          30  0.872849562101977     
          29          31  0.829059863238310     
          32          33  0.873238864232936     
          32          34  0.859479944752034     
          35          36  0.868800878031879     
          35          37  0.865445362051488     
