    0.07417707
   -0.01896702
    0.29980351
    0.10996942
   -0.19341139
    0.04517196
   -0.11467122
   -0.61653772
    0.36291514
    0.27826434
   -0.65304435
    0.29418639
    0.06651691
   -0.67715483
    0.34328193
    0.34550531
   -0.67709016
    0.34730418
    0.34421814
   -0.69149285
    0.35588015
    0.34532901
   -0.68165021
    0.34994078
    0.35016315
   -0.67113081
    0.35054497
    0.34757920
   -0.69251841
    0.31375357
    0.33463389
   -0.66621576
    0.35001560
    0.34473013
