           1           2  0.973492559534844     
           2           4  0.962027485303150     
           2           5  0.987466703981388     
           3           5  0.819892967978065     
           2           7   1.00945260758970     
           6           7  0.973735425381428     
           7           9  0.940724708123695     
           8           9   1.47416265475261     
           5          10  0.846903650376772     
           8          11  0.204400612330608     
           9          11   1.48197908471917     
           5          12  0.837427339167968     
           7          13  0.956244740212682     
          14          15  0.879972455593279     
          14          16  0.823962373215977     
          17          18  0.875171420054150     
          17          19  0.839215336222840     
          20          21  0.869560628448003     
          20          22  0.828505975061990     
          23          24  0.805478261901789     
          23          25  0.870572960890651     
          26          27  0.873737818527946     
          26          28  0.831194751659380     
          29          30  0.844799761993519     
          29          31  0.885875860488915     
          32          33  0.810867329766066     
          32          34  0.872833486749024     
