   -0.19457555
   -0.02820750
   -0.07360662
   -0.10901219
    0.36465398
   -0.65782619
   -0.61098226
    0.28507069
    0.28280570
    0.09284221
    0.10910437
    0.06019357
    0.05164769
    0.07366022
    0.03636991
    0.29952686
   -0.68589653
    0.33753287
    0.35931601
   -0.63992399
    0.34241081
    0.32695661
   -0.69011404
    0.33615200
    0.35584560
   -0.68931289
    0.31350802
    0.34583442
   -0.67868743
    0.35792009
    0.34778249
   -0.70242630
    0.33227268
    0.32153501
   -0.63802440
    0.31929940
    0.34635466
