           1           2  0.970097590078455     
           2           3   1.01423124535146     
           3           4   1.00927304002291     
           4           5  0.948731740366213     
           5           6   1.44352980167096     
           5           7   1.48551790259218     
           6           7  0.190281026986502     
           1           8  0.907978613060330     
           1           9  0.833757109946815     
           2          10  0.972035883749379     
           2          11  0.962054269341740     
           3          12  0.971563311798052     
           3          13  0.972221261524975     
           4          14  0.954707601363882     
           4          15  0.964170745274587     
           1          16  0.805381679660164     
          17          18  0.851613015593841     
          17          19  0.868528286275829     
          20          21  0.828824231247464     
          20          22  0.846289445377060     
          23          24  0.839162270786896     
          23          25  0.870057701308705     
          26          27  0.845368947922048     
          26          28  0.878012924531329     
          29          30  0.870511528386679     
          29          31  0.877145294409029     
          32          33  0.853993967748841     
          32          34  0.863631926399662     
          35          36  0.869318453183824     
          35          37  0.859938386401600     
