   -0.17651071
   -0.02832889
   -0.07164267
   -0.10079377
    0.36219027
   -0.63709725
   -0.66230234
    0.28450462
    0.29820992
    0.09950280
    0.09339286
    0.05276771
    0.06076396
    0.03896425
    0.03784921
    0.31351354
   -0.66311378
    0.36332652
    0.33467979
   -0.67817299
    0.36167929
    0.35523230
   -0.69771712
    0.36180130
    0.35893919
   -0.70152570
    0.35474895
    0.32326974
   -0.67599924
    0.35272754
    0.31944746
   -0.69663173
    0.32832809
    0.35169024
   -0.68439356
    0.35344857
    0.31325164
