   -0.12255538
    0.36481183
   -0.65563596
   -0.62874133
   -0.01372864
   -0.18515590
    0.07343256
    0.08618231
    0.08361559
    0.08142149
    0.30741058
    0.29761109
    0.29290751
   -0.68200380
    0.36135860
    0.36207932
   -0.68364199
    0.31366157
    0.34957644
   -0.66441483
    0.32402199
    0.32516305
   -0.68878707
    0.35150075
    0.31388881
   -0.65944238
    0.33696390
    0.35898772
   -0.69911899
    0.36140023
    0.35768777
   -0.69801554
    0.35184220
    0.32571651
