           1           2  0.943997158261219     
           2           3   1.40477944013116     
           2           4   1.54115429437973     
           3           4  0.199987221511873     
           1           5   1.01469076573537     
           5           6  0.983234425201040     
           1           7  0.955747287831270     
           1           8  0.952314901154417     
           5           9  0.970768945722949     
           5          10  0.970427637081919     
           6          11  0.806015471205052     
           6          12  0.841168540426775     
           6          13  0.901153693696084     
          14          15  0.864901527883499     
          14          16  0.865748987432511     
          17          18  0.839284384632411     
          17          19  0.873429843454275     
          20          21  0.862799147671130     
          20          22  0.852711387304742     
          23          24  0.873489269921708     
          23          25  0.839680396738201     
          26          27  0.844413937203901     
          26          28  0.866657127124282     
          29          30  0.866811878466815     
          29          31  0.869970381751046     
          32          33  0.876080739954347     
          32          34  0.864719250607382     
