   -0.18388576
   -0.03378747
   -0.07244511
   -0.10512286
    0.36288548
   -0.63045180
   -0.66430479
    0.27673932
    0.29117948
    0.11417816
    0.09528922
    0.05023973
    0.05704567
    0.05947277
    0.03372214
    0.32358748
   -0.68253821
    0.34637965
    0.33798074
   -0.66205404
    0.32345585
    0.33881588
   -0.69108445
    0.32709062
    0.35130101
   -0.67844178
    0.31479287
    0.35046165
   -0.66798215
    0.31426703
    0.34688708
   -0.67122685
    0.32567743
    0.35607669
   -0.64310986
    0.34002657
    0.34888261
