           1           2  0.976432980890250     
           2           3   1.01101524924812     
           3           4   1.00875049243649     
           4           5  0.942093150056173     
           5           6   1.49282524215232     
           5           7   1.44484955630565     
           6           7  0.194539624475738     
           1           8  0.906577458306415     
           1           9  0.903240638721412     
           2          10  0.956310014559397     
           2          11  0.962346688979358     
           3          12  0.971868898523697     
           3          13  0.975505817849513     
           4          14  0.961575263473833     
           4          15  0.961608018335496     
           1          16  0.762651834234972     
          17          18  0.876495772713179     
          17          19  0.841727019259080     
          20          21  0.863464503230291     
          20          22  0.868504412744898     
          23          24  0.862095295439914     
          23          25  0.873918725711873     
          26          27  0.826787733650478     
          26          28  0.871928009190203     
          29          30  0.862128826362350     
          29          31  0.876017055218124     
          32          33  0.855302875186673     
          32          34  0.868582829620216     
          16          35  0.121612365892974     
          35          36  0.861285900695480     
          35          37  0.832425745593114     
