    0.08507217
   -0.01940308
    0.29212964
    0.10888189
   -0.19183367
    0.04207035
   -0.11596499
   -0.63450934
    0.36246081
    0.27803031
   -0.66243185
    0.28994243
    0.05830704
   -0.68435129
    0.33464595
    0.34691725
   -0.69419543
    0.35826017
    0.36586220
   -0.66369018
    0.33972018
    0.36665319
   -0.67825390
    0.35258022
    0.33928519
   -0.68557696
    0.34038570
    0.35131302
   -0.68074717
    0.35553638
    0.34128624
   -0.68340398
    0.34774124
    0.33728024
