           1           2  0.968919731466066     
           2           4  0.959564586444545     
           2           5  0.982664783837948     
           3           5  0.841179624582944     
           2           7   1.00950559959363     
           6           7  0.975620789072836     
           7           9  0.933280840267651     
           8           9   1.45266025219235     
           5          10  0.842221951600903     
           8          11  0.205974999092673     
           9          11   1.51385751509352     
           5          12  0.831326076595936     
           7          13  0.958917352255499     
          14          15  0.838376278375399     
          14          16  0.875038570495800     
          17          18  0.869228058173646     
          17          19  0.863092423577886     
          20          21  0.838744766280284     
          20          22  0.860487086274145     
          23          24  0.872785047670779     
          23          25  0.847110594073863     
          26          27  0.844450995426220     
          26          28  0.871972421873340     
          29          30  0.870228990501910     
          29          31  0.828602001099671     
          32          33  0.876285757252051     
          32          34  0.841276850099189     
