           1           2  0.991566897318144     
           2           3   1.00708433743329     
           3           4   1.01006001562516     
           4           5  0.931964900396960     
           5           6   1.45572342019664     
           5           7   1.50224056257132     
           6           7  0.203807335757660     
           1           8  0.856003645269541     
           1           9  0.827798372283966     
           2          10  0.971992054803429     
           2          11  0.972134392181351     
           3          12  0.962895111557900     
           3          13  0.975128245921911     
           4          14  0.969401014707547     
           4          15  0.963249422132447     
           1          16  0.821278306888594     
          17          18  0.835446628067046     
          17          19  0.870319921726759     
          20          21  0.871757860074794     
          20          22  0.838968146987438     
          23          24  0.865062181451144     
          23          25  0.837621243196218     
          26          27  0.874129220643584     
          26          28  0.827982493586298     
          29          30  0.818705549103411     
          29          31  0.869789806998061     
          32          33  0.834424137902050     
          32          34  0.880992834254573     
          35          36  0.823848761848198     
          35          37  0.873331305583517     
