   -0.18363448
   -0.02609470
   -0.07133405
   -0.10032776
    0.36077223
   -0.65969415
   -0.68308172
    0.30527926
    0.27103918
    0.08104150
    0.10591580
    0.05944517
    0.04932009
    0.02668040
    0.02905289
    0.31395645
   -0.67262736
    0.33295825
    0.34019942
   -0.66145694
    0.33873231
    0.35219714
   -0.69992597
    0.36369310
    0.36531529
   -0.69546318
    0.34536717
    0.35436293
   -0.67893812
    0.33955852
    0.34031016
   -0.65715212
    0.34710251
    0.34866288
   -0.67087576
    0.35291141
    0.33673226
