           1           2  0.987587610572597     
           2           3   1.00830353749938     
           3           4   1.00784669983680     
           4           5  0.925346783613557     
           5           6   1.49357192081387     
           5           7   1.48055107000039     
           6           7  0.209470084979926     
           1           8  0.823511274618272     
           1           9  0.910729003821727     
           2          10  0.970789235960837     
           2          11  0.966074321980081     
           3          12  0.973779180299453     
           3          13  0.970994916599854     
           4          14  0.962332711258054     
           4          15  0.976963686452942     
           1          16  0.797742522407673     
          17          18  0.852854472382381     
          17          19  0.857693625720671     
          20          21  0.830758052706730     
          20          22  0.866295707424085     
          23          24  0.864982566959887     
          23          25  0.863693013395254     
          26          27  0.876916757599927     
          26          28  0.826103974292805     
          29          30  0.879114321564947     
          29          31  0.831313061391264     
          32          33  0.835378921780669     
          32          34  0.876070226822408     
          35          36  0.869890071667432     
          35          37  0.842659488409820     
