   -0.18856682
   -0.03690089
   -0.06661378
   -0.10345234
    0.36018387
   -0.66102953
   -0.68445295
    0.27459360
    0.28179382
    0.12165612
    0.09644543
    0.04064932
    0.04566271
    0.04265961
    0.03183390
    0.32896842
   -0.65989285
    0.33530152
    0.36633447
   -0.69321508
    0.34947790
    0.34541586
   -0.65000856
    0.35011727
    0.34548604
   -0.66481648
    0.32584418
    0.35342150
   -0.69698647
    0.35181374
    0.33733530
   -0.66387260
    0.33570434
    0.33892504
   -0.68184188
    0.35843879
    0.33358749
