           1           2  0.980870145706390     
           2           3   1.00857393283136     
           3           4   1.00959114730912     
           4           5  0.926112408125608     
           5           6   1.49855371571598     
           5           7   1.47472260261976     
           6           7  0.209919500457082     
           1           8  0.909683916561223     
           1           9  0.906635536363225     
           2          10  0.953567699976864     
           2          11  0.968582346999736     
           3          12  0.975202212383500     
           3          13  0.974835519598791     
           4          14  0.968570635981119     
           4          15  0.966732392387527     
           1          16  0.733011861654761     
          17          18  0.884110890983385     
          17          19  0.861921546262085     
          20          21  0.875306077261318     
          20          22  0.829983215284066     
          16          23  0.148115032723451     
          23          24  0.824520140810284     
          23          25  0.836148434688389     
          26          27  0.857568982242055     
          26          28  0.869977131180784     
          29          30  0.871664905084314     
          29          31  0.834282047738832     
          32          33  0.841944483088008     
          32          34  0.835104065955640     
          35          36  0.868661132998484     
          35          37  0.861946832277113     
