    0.10661103
   -0.02886324
    0.30848528
    0.11758782
   -0.18994673
    0.06666709
   -0.11805257
   -0.62581619
    0.36489341
    0.28150651
   -0.64902275
    0.27762170
    0.05400636
   -0.67508403
    0.35620314
    0.36654374
   -0.68407026
    0.33006111
    0.34342015
   -0.66816227
    0.33113463
    0.32315266
   -0.67663425
    0.33742451
    0.33595148
   -0.67364454
    0.35506774
    0.32781987
   -0.67489722
    0.34827459
    0.35067978
   -0.68280983
    0.31571405
    0.34817724
