           1           2  0.958693978682655     
           2           4  0.956224129118582     
           2           5  0.974544284029387     
           3           5  0.796988291131106     
           2           7   1.00680963851901     
           6           7  0.969884744729947     
           7           9  0.940376943953769     
           8           9   1.47979093335211     
           5          10  0.847272429760900     
           8          11  0.199437523370941     
           9          11   1.47102359376070     
           5          12  0.909073238386979     
           7          13  0.960094591099244     
          14          15  0.870354550095093     
          14          16  0.862564039762237     
          17          18  0.830899410193423     
          17          19  0.876114305645476     
          20          21  0.852305670079296     
          20          22  0.851658690248114     
          23          24  0.847773024604859     
          23          25  0.847681442587784     
          26          27  0.869545823038332     
          26          28  0.860149767644760     
          29          30  0.810174280900414     
          29          31  0.873513099983228     
          32          33  0.831511890501254     
          32          34  0.875026606464437     
