    0.07941682
   -0.01883824
    0.29036984
    0.11056761
   -0.18441119
    0.05948366
   -0.11828889
   -0.61898254
    0.36426257
    0.28718054
   -0.64863767
    0.28928486
    0.06784891
   -0.66319126
    0.36105415
    0.36817804
   -0.69780205
    0.34649752
    0.30967389
   -0.71015193
    0.35361796
    0.33337386
   -0.68539902
    0.35272509
    0.36768093
   -0.68892704
    0.35299511
    0.36751365
   -0.68076016
    0.35352298
    0.33170390
   -0.70826718
    0.34618271
    0.33052255
