           1           2  0.972833893998469     
           2           4  0.960483416091572     
           2           5  0.980912619602710     
           3           5  0.847707236121233     
           2           7   1.00949588514962     
           6           7  0.969634312494823     
           7           9  0.942367878137874     
           8           9   1.46645008017826     
           5          10  0.828820086094812     
           8          11  0.199166445909441     
           9          11   1.48382042316954     
           5          12  0.855761586832882     
           7          13  0.955457145066335     
          14          15  0.867315549187084     
          14          16  0.862560785901228     
          17          18  0.879180042237397     
          17          19  0.846555233832140     
          20          21  0.874752922544144     
          20          22  0.856497995008122     
          23          24  0.871787158796900     
          23          25  0.860915219822472     
          26          27  0.873631357618992     
          26          28  0.861547943328951     
          29          30  0.873638764359151     
          29          31  0.850445766093938     
          32          33  0.879980198860290     
          32          34  0.847205013915152     
