   -0.18676927
   -0.02678163
   -0.07203957
   -0.10502367
    0.36205250
   -0.66008133
   -0.61886946
    0.30063692
    0.27105351
    0.10445601
    0.10634045
    0.06614319
    0.04587593
    0.04902763
    0.02074613
    0.28764345
   -0.68613333
    0.34372958
    0.34795411
   -0.68693285
    0.33779121
    0.35926998
   -0.70600213
    0.33065113
    0.34754825
   -0.67013951
    0.35079885
    0.32982933
   -0.67920535
    0.33252990
    0.34016001
   -0.67086179
    0.36019645
    0.35404087
   -0.70115520
    0.36064876
    0.36087092
