           1           2  0.976733366469663     
           2           3   1.01291187488265     
           3           4   1.00269502174205     
           4           5  0.937658099330898     
           5           6   1.51878179592828     
           5           7   1.43885707358083     
           6           7  0.201135259199351     
           1           8  0.829021681173937     
           1           9  0.912533582224214     
           2          10  0.967254673578953     
           2          11  0.960031661900350     
           3          12  0.970313547811010     
           3          13  0.974170974125167     
           4          14  0.958045039049410     
           4          15  0.978695489606207     
           1          16  0.801536228144255     
          17          18  0.845608275459889     
          17          19  0.873324634778445     
          20          21  0.847411027850562     
          20          22  0.868463205943205     
          23          24  0.851966284216250     
          23          25  0.878953707082391     
          26          27  0.872745396929405     
          26          28  0.858417715475430     
          29          30  0.838932591530794     
          29          31  0.881487052631548     
          32          33  0.863630427354901     
          32          34  0.827234591641685     
          35          36  0.867134704221007     
          35          37  0.866307808308746     
