           1           2  0.986881740066611     
           2           3   1.00977857658461     
           3           4  0.986251114994803     
           4           5  0.960197531747337     
           5           6   1.45152998834724     
           5           7   1.45297297030925     
           6           7  0.184942861333538     
           1           8  0.861138692622271     
           1           9  0.847828102437397     
           2          10  0.963654652535526     
           2          11  0.970004461701671     
           3          12  0.971879694320879     
           3          13  0.968975867096059     
           4          14  0.971311461084376     
           4          15  0.970229285700927     
           1          16  0.816139643805985     
          17          18  0.863478661311529     
          17          19  0.875868447480293     
          20          21  0.855867490467672     
          20          22  0.869108352744772     
          23          24  0.874714406089580     
          23          25  0.863240994057033     
          26          27  0.885184302507364     
          26          28  0.858903758821336     
          29          30  0.878320743243586     
          29          31  0.863621789080255     
          32          33  0.865210963693233     
          32          34  0.867934807009228     
          35          36  0.868454703376892     
          35          37  0.869432638407743     
          38          39  0.872238659663182     
          38          40  0.878754552205747     
          41          42  0.869817958110716     
          41          43  0.840622706556472     
          44          45  0.877680051493369     
          44          46  0.865344874646423     
