   -0.18707254
   -0.01814933
   -0.07092118
   -0.10844815
    0.36271950
   -0.64905148
   -0.62100235
    0.29077874
    0.29692540
    0.10002598
    0.06599043
    0.04708557
    0.07579719
    0.05924013
    0.03004011
    0.28001685
   -0.68907612
    0.35201900
    0.31414115
   -0.69896472
    0.32511870
    0.35327570
   -0.69626715
    0.35256193
    0.32613180
   -0.68586978
    0.35830937
    0.36786394
   -0.71390480
    0.35739212
    0.35651261
   -0.66982884
    0.36225837
    0.32856437
   -0.67238198
    0.35574181
    0.36242766
