           1           2  0.984217200935250     
           2           3   1.00899125347604     
           3           4  0.993493962362032     
           4           5  0.942285748040905     
           5           6   1.47740674114430     
           5           7   1.47330810465401     
           6           7  0.202749147055034     
           1           8  0.848551344415782     
           1           9  0.832037620091027     
           2          10  0.968694100805686     
           2          11  0.974644593496059     
           3          12  0.976208474495151     
           3          13  0.971307421818360     
           4          14  0.968167002616491     
           4          15  0.979208745944790     
           1          16  0.841727994017833     
          17          18  0.872964165417515     
          17          19  0.839680181296747     
          20          21  0.865129879053902     
          20          22  0.875064163386039     
          23          24  0.875418910154411     
          23          25  0.868968394315936     
          26          27  0.868758209330344     
          26          28  0.860750853032209     
          29          30  0.872168296599619     
          29          31  0.872796255132119     
          32          33  0.864646185490515     
          32          34  0.849994165481251     
          35          36  0.871856378493491     
          35          37  0.866415890902133     
