    0.07703547
   -0.01645770
    0.29659313
    0.10083997
   -0.19462933
    0.05675792
   -0.11810110
   -0.61120249
    0.36510277
    0.27885768
   -0.64230857
    0.29509669
    0.06977443
   -0.67020858
    0.35105048
    0.35316802
   -0.67154610
    0.35312015
    0.34903450
   -0.68782901
    0.31375593
    0.32950192
   -0.69659386
    0.32965455
    0.35376450
   -0.67823990
    0.34596799
    0.35492426
   -0.68067916
    0.31758623
    0.35202883
   -0.68585578
    0.35019360
    0.35984259
