           1           2  0.972660143464129     
           2           4  0.968042484539922     
           2           5  0.987732342494600     
           3           5  0.827949946994771     
           2           7   1.00828624503462     
           6           7  0.971764994235801     
           7           9  0.941105320869853     
           8           9   1.49551641440386     
           5          10  0.850871239872594     
           8          11  0.199593041900703     
           9          11   1.45340934567322     
           5          12  0.824835627451801     
           7          13  0.955474031386660     
          14          15  0.836677647067274     
          14          16  0.871993826596103     
          17          18  0.871829405363214     
          17          19  0.839706444188434     
          20          21  0.872209192101446     
          20          22  0.857325937577103     
          23          24  0.839293735756752     
          23          25  0.873029426002946     
          26          27  0.835557496583519     
          26          28  0.867466568264928     
          29          30  0.831738267912013     
          29          31  0.874815892651283     
          32          33  0.867713311135981     
          32          34  0.866856201677641     
