   -0.17179534
   -0.02407457
   -0.07194530
   -0.10905938
    0.36476354
   -0.64791212
   -0.62803522
    0.30133793
    0.29066490
    0.11420288
    0.06549317
    0.05501854
    0.06848687
    0.04867151
    0.04148993
    0.28397266
   -0.70423788
    0.34686542
    0.32645903
   -0.69618261
    0.35750093
    0.36560030
   -0.65765773
    0.34210915
    0.33176539
   -0.66668644
    0.31386567
    0.31850816
   -0.67543111
    0.35739919
    0.35765158
   -0.69815825
    0.36170309
    0.36002563
   -0.70193563
    0.33711698
    0.34243914
