           1           2  0.979820921534347     
           2           3   1.00907624190140     
           3           4  0.992130167106260     
           4           5  0.940564884484290     
           5           6   1.48610196891002     
           5           7   1.46395256802029     
           6           7  0.199428732974102     
           1           8  0.861226060702972     
           1           9  0.862861631975573     
           2          10  0.959694776543644     
           2          11  0.974386436831461     
           3          12  0.973491575533618     
           3          13  0.973454273192619     
           4          14  0.973099466290550     
           4          15  0.973973258517235     
           1          16  0.838535479527851     
          17          18  0.879509290393421     
          17          19  0.850498865699399     
          20          21  0.870778454216615     
          20          22  0.864636478357777     
          23          24  0.863147410599824     
          23          25  0.849420316810573     
          26          27  0.844738451046026     
          26          28  0.859692000876241     
          29          30  0.869419683454643     
          29          31  0.868938988043593     
          32          33  0.866464988200307     
          32          34  0.867716211501924     
          35          36  0.846424582363503     
          35          37  0.881757437238440     
