   -0.18312963
   -0.01941844
   -0.06944077
   -0.10895567
    0.36376830
   -0.64732399
   -0.61934065
    0.29747602
    0.28869331
    0.09750595
    0.07007637
    0.04684063
    0.06852412
    0.05477868
    0.04455332
    0.28225403
   -0.66991953
    0.36505297
    0.33093756
   -0.68382987
    0.35255131
    0.32609537
   -0.68913653
    0.35152433
    0.31554921
   -0.69087349
    0.31651045
    0.34984365
   -0.70844707
    0.35517673
    0.32976481
   -0.68047601
    0.35201848
    0.36038412
   -0.67539095
    0.36121612
    0.36458674
