           1           2  0.984844492457887     
           2           3   1.00835969435950     
           3           4  0.992261929294305     
           4           5  0.945871814377037     
           5           6   1.47328052840836     
           5           7   1.47353316114857     
           6           7  0.198654182262069     
           1           8  0.828470996857533     
           1           9  0.858188296496932     
           2          10  0.969273987452482     
           2          11  0.974120518712909     
           3          12  0.975903307316761     
           3          13  0.973681946719485     
           4          14  0.968797099219296     
           4          15  0.973238373892239     
           1          16  0.839210099576834     
          17          18  0.862926244461084     
          17          19  0.851219959742549     
          20          21  0.872568721899174     
          20          22  0.849995028451092     
          23          24  0.871644319572768     
          23          25  0.828585190497033     
          26          27  0.864928286103913     
          26          28  0.877487169393597     
          29          30  0.873668857213666     
          29          31  0.858602977841770     
          32          33  0.871280676617283     
          32          34  0.866450021157213     
          35          36  0.867661433249781     
          35          37  0.865041019466163     
