   -0.17623099
   -0.02529663
   -0.07429600
   -0.10262085
    0.36198201
   -0.62749779
   -0.67196579
    0.30132517
    0.29038169
    0.08286195
    0.09035886
    0.06116309
    0.06077591
    0.03660691
    0.03646181
    0.30598620
   -0.66484337
    0.34868902
    0.31603533
   -0.66934598
    0.34439080
    0.34305163
   -0.68670016
    0.35270043
    0.34084597
   -0.68472612
    0.34738135
    0.34435385
   -0.69754136
    0.30453351
    0.34763537
   -0.66406752
    0.35944568
    0.36460079
   -0.68952176
    0.34239957
    0.35068742
