           1           2  0.988275124789688     
           2           3   1.00945146690794     
           3           4   1.00774617411220     
           4           5  0.938568848658177     
           5           6   1.49771752083312     
           5           7   1.45003494432446     
           6           7  0.199401988589357     
           1           8  0.837648304810130     
           1           9  0.854146159998852     
           2          10  0.970762823910455     
           2          11  0.963710647565742     
           3          12  0.971409684053891     
           3          13  0.975028257402455     
           4          14  0.961354016508696     
           4          15  0.966978599212484     
           1          16  0.843742248730429     
          17          18  0.843419566510101     
          17          19  0.871787663907711     
          20          21  0.872245801660239     
          20          22  0.827179326185504     
          23          24  0.798290786855420     
          23          25  0.873469292414777     
          26          27  0.847098900860676     
          26          28  0.841155824963961     
          29          30  0.845049026176723     
          29          31  0.878570181422086     
          32          33  0.866149305637472     
          32          34  0.863841890192460     
          35          36  0.845936976393092     
          35          37  0.874418785185749     
