   -0.18403239
   -0.02187636
   -0.06927578
   -0.10586081
    0.36199118
   -0.66181585
   -0.63486784
    0.30020785
    0.29778415
    0.11317105
    0.06049181
    0.03871958
    0.07024826
    0.04962464
    0.01783015
    0.27024428
   -0.67406308
    0.35153128
    0.35124285
   -0.66502844
    0.34890992
    0.35077536
   -0.67711183
    0.35206420
    0.35273526
   -0.68546761
    0.34543379
    0.34875951
   -0.68898052
    0.34508562
    0.34156110
   -0.70682585
    0.33552423
    0.33999256
   -0.66457875
    0.35514708
    0.34070939
