           1           2  0.987592107158887     
           2           3   1.00807708370114     
           3           4  0.994425971015618     
           4           5  0.932815806178397     
           5           6   1.51704569446830     
           5           7   1.45015867776418     
           6           7  0.206954134613280     
           1           8  0.822553309394769     
           1           9  0.845155335725111     
           2          10  0.962511973360857     
           2          11  0.975713515875512     
           3          12  0.977032643180528     
           3          13  0.973181647086779     
           4          14  0.972214849645046     
           4          15  0.979787778104272     
           1          16  0.847500808578388     
          17          18  0.873377173321718     
          17          19  0.814366247111423     
          20          21  0.870856554771209     
          20          22  0.818162352047956     
          23          24  0.868920374124772     
          23          25  0.820242273895593     
          26          27  0.849923577472581     
          26          28  0.845146918182199     
          29          30  0.811949453249521     
          29          31  0.877514428877925     
          32          33  0.844221215642401     
          32          34  0.884163142100938     
          35          36  0.808745283434700     
          35          37  0.874804697720023     
