   -0.17871869
   -0.02365818
   -0.07356114
   -0.11128415
    0.36627168
   -0.63131884
   -0.63504453
    0.29047172
    0.30429646
    0.11265664
    0.07132324
    0.06466683
    0.06959582
    0.06007088
    0.03662560
    0.28278238
   -0.66889642
    0.33463550
    0.36330734
   -0.70187231
    0.35075788
    0.35685348
   -0.70438305
    0.34987786
    0.32818452
   -0.68785499
    0.36422126
    0.35065845
   -0.68456099
    0.31830405
    0.35585839
   -0.68558551
    0.32187372
    0.30990189
   -0.69661971
    0.36033158
    0.35983136
