           1           2  0.975578048710813     
           2           3   1.01046394867595     
           3           4  0.988958599254927     
           4           5  0.947617070963004     
           5           6   1.51960832998938     
           5           7   1.41460695105127     
           6           7  0.191878417605420     
           1           8  0.903076535815885     
           1           9  0.824414494084472     
           2          10  0.959284259110568     
           2          11  0.972752888444990     
           3          12  0.969818133028093     
           3          13  0.973702345535550     
           4          14  0.969984674179168     
           4          15  0.973050124022257     
           1          16  0.841207989027212     
          17          18  0.854092053664729     
          17          19  0.863691931908682     
          20          21  0.876027596729072     
          20          22  0.871457734135951     
          23          24  0.877430115164881     
          23          25  0.855960119288906     
          26          27  0.866199324401895     
          26          28  0.875924979390637     
          29          30  0.848583365897049     
          29          31  0.868394622105400     
          32          33  0.866278194461639     
          32          34  0.858523720153566     
          35          36  0.868492790722544     
          35          37  0.868619306222434     
