           1           2  0.979353202661019     
           2           3   1.01239156737222     
           3           4   1.00257969081784     
           4           5  0.935735872403846     
           5           6   1.51918418018339     
           5           7   1.44147974540919     
           6           7  0.201826659087867     
           1           8  0.885345342307944     
           1           9  0.857755720815736     
           2          10  0.961849045028654     
           2          11  0.969910979281332     
           3          12  0.971749248929234     
           3          13  0.972508991042783     
           4          14  0.959036152768434     
           4          15  0.978758783302675     
           1          16  0.799850932182706     
          17          18  0.866122592302062     
          17          19  0.870529233916214     
          20          21  0.867684915130897     
          20          22  0.858183241986006     
          23          24  0.845371695006073     
          23          25  0.873553837115611     
          26          27  0.847660777171291     
          26          28  0.870825242583033     
          29          30  0.875855289006061     
          29          31  0.857869939167632     
          32          33  0.869778841231920     
          32          34  0.864509753793097     
          35          36  0.856072476420184     
          35          37  0.882802894115224     
