   -0.12071422
    0.36547836
   -0.65571325
   -0.62793189
   -0.01819808
   -0.18869408
    0.05358203
    0.08746623
    0.08239008
    0.08969738
    0.29181755
    0.30770670
    0.28767768
   -0.66299842
    0.31890281
    0.32400563
   -0.70217166
    0.36454620
    0.35952554
   -0.68120014
    0.33154005
    0.34967735
   -0.66181281
    0.34840768
    0.33109470
   -0.70528713
    0.34849819
    0.32882709
   -0.66100015
    0.34009787
    0.36453587
   -0.65917102
    0.34168350
    0.32773435
