           1           2  0.936449810248161     
           2           3   1.40701691077366     
           2           4   1.54167104262380     
           3           4  0.198376345556752     
           1           5   1.01023585624741     
           5           6  0.985189247796959     
           1           7  0.956373207102916     
           1           8  0.962518119245464     
           5           9  0.965815388897971     
           5          10  0.971119141947863     
           6          11  0.832390765970198     
           6          12  0.799964737448790     
           6          13  0.903640559428241     
          14          15  0.854305550530764     
          14          16  0.862203347276734     
          17          18  0.865094513439373     
          17          19  0.868800298973295     
          20          21  0.848274620507076     
          20          22  0.871789548009231     
          23          24  0.873363283103865     
          23          25  0.842924798030382     
          26          27  0.878329123074084     
          26          28  0.852792372490151     
          29          30  0.845300497976345     
          29          31  0.864064030945657     
          32          33  0.872895166913102     
          32          34  0.821938301835157     
