   -0.16223799
   -0.04334149
   -0.06806973
   -0.11276477
    0.36276633
   -0.62992701
   -0.67706907
    0.30617914
    0.30640972
    0.12643097
    0.10823739
    0.05185286
    0.04921140
    0.07568143
    0.05619763
    0.32188034
   -0.68008147
    0.33666666
    0.33062377
   -0.68098360
    0.35887870
    0.33674136
   -0.66720320
    0.31635160
    0.35458114
   -0.66741923
    0.31175883
    0.34576652
   -0.70246872
    0.35433213
    0.32470979
   -0.67066049
    0.34431092
    0.32128245
   -0.67682921
    0.30775130
    0.33045362
