           1           2  0.965526861111390     
           2           3   1.01106449255052     
           3           4   1.00378265453105     
           4           5  0.950154277308753     
           5           6   1.54895171194605     
           5           7   1.37907597619889     
           6           7  0.189447268366629     
           1           8  0.892070510158706     
           1           9  0.892061297432123     
           2          10  0.951783958936221     
           2          11  0.966283341241768     
           3          12  0.975383377012868     
           3          13  0.974887321324557     
           4          14  0.960278077638290     
           4          15  0.953796411559749     
           1          16  0.884298170410502     
          17          18  0.843028970721001     
          17          19  0.860221364151682     
          20          21  0.863761543516576     
          20          22  0.834731295086070     
          23          24  0.836718485124836     
          23          25  0.868462898029886     
          26          27  0.846746706428151     
          26          28  0.832936613088580     
          29          30  0.874309821245000     
          29          31  0.861014192188484     
          32          33  0.878279324197335     
          32          34  0.846073821668765     
          35          36  0.885761497053513     
          35          37  0.838412914789417     
