   -0.18540765
   -0.02164730
   -0.08555444
   -0.09915695
    0.36175460
   -0.64040040
   -0.64869158
    0.30216330
    0.31036026
    0.08735251
    0.07249038
    0.09097931
    0.07839196
    0.02551905
    0.03645921
    0.29333401
   -0.67715223
    0.32222259
    0.35202238
   -0.67990423
    0.34696111
    0.30975492
   -0.69390522
    0.34900596
    0.33470737
   -0.68403776
    0.31518101
    0.35583418
   -0.68102757
    0.33064851
    0.34807087
   -0.66401720
    0.33673528
    0.35736600
   -0.64937686
    0.36561357
    0.32735105
