           1           2  0.982971746353469     
           2           3   1.00952998557977     
           3           4  0.999274948760957     
           4           5  0.940919889937245     
           5           6   1.42314939556211     
           5           7   1.52710244873136     
           6           7  0.202241905561605     
           1           8  0.826373253678013     
           1           9  0.824042335719866     
           2          10  0.971514906754241     
           2          11  0.973064668179051     
           3          12  0.957077951417210     
           3          13  0.970060025132656     
           4          14  0.979643205681591     
           4          15  0.961597264109938     
           1          16  0.901470648048427     
          17          18  0.844022529289290     
          17          19  0.870679655854120     
          20          21  0.825063695145233     
          20          22  0.862342140722818     
          23          24  0.843352171742898     
          23          25  0.848497302047714     
          26          27  0.832710833607680     
          26          28  0.869565588553454     
          29          30  0.832296189317314     
          29          31  0.874138387096975     
          32          33  0.828542397093496     
          32          34  0.864462102321009     
          35          36  0.860848645762818     
          35          37  0.841747005683728     
