   -0.18549806
   -0.03742547
   -0.06753302
   -0.10300506
    0.35996573
   -0.66042505
   -0.68507562
    0.27565990
    0.28197998
    0.11657162
    0.10945758
    0.04312335
    0.04329478
    0.03631230
    0.03472924
    0.32956956
   -0.71013870
    0.34200858
    0.33006331
   -0.67059546
    0.34920857
    0.33488007
   -0.69812579
    0.34093550
    0.35571647
   -0.64517604
    0.35124775
    0.34861240
   -0.67780165
    0.35326135
    0.35024271
   -0.67462286
    0.34801013
    0.33274736
   -0.65903899
    0.37049694
    0.33636659
