           1           2  0.979842982781090     
           2           3   1.00895267424577     
           3           4   1.00964964338338     
           4           5  0.924787489578755     
           5           6   1.49826425627894     
           5           7   1.47587506956209     
           6           7  0.209975808824663     
           1           8  0.908452608392150     
           1           9  0.906456979352544     
           2          10  0.958804136213497     
           2          11  0.962426632535968     
           3          12  0.974004356550745     
           3          13  0.975311818793156     
           4          14  0.969878488632222     
           4          15  0.966822367634193     
           1          16  0.743304123240453     
          17          18  0.856975082249221     
          17          19  0.862005083209435     
          20          21  0.873580027612537     
          20          22  0.848654572455987     
          23          24  0.850886065337165     
          23          25  0.871009382383428     
          16          26  0.137088032498940     
          26          27  0.834234105923907     
          26          28  0.820595043293987     
          29          30  0.870947262169390     
          29          31  0.822186527594197     
          32          33  0.874199284760132     
          32          34  0.855054268877681     
          35          36  0.858317038017385     
          35          37  0.884508547673630     
