   -0.18965160
   -0.02853814
   -0.06956439
   -0.10300152
    0.36250180
   -0.63206163
   -0.65703203
    0.27441537
    0.28987248
    0.10410629
    0.08640501
    0.05104850
    0.05402398
    0.05052300
    0.03968455
    0.32107965
   -0.69719957
    0.35582007
    0.36480559
   -0.67195490
    0.32798665
    0.33923140
   -0.65694442
    0.35194587
    0.33936230
   -0.69479083
    0.34718719
    0.30513578
   -0.68331776
    0.35659103
    0.35027392
   -0.68945416
    0.32950869
    0.31498378
   -0.65776613
    0.35015333
    0.36463085
