           1           2  0.988020511752405     
           2           3   1.00837784717224     
           3           4   1.00768811693587     
           4           5  0.943978575559956     
           5           6   1.48467571399364     
           5           7   1.46054825299089     
           6           7  0.200043593738227     
           1           8  0.910660298345591     
           1           9  0.851085322108155     
           2          10  0.963806451781782     
           2          11  0.970146421516146     
           3          12  0.974062123130739     
           3          13  0.973924116967866     
           4          14  0.967597085077830     
           4          15  0.959023752602668     
           1          16  0.759979875427034     
          17          18  0.871140078718177     
          17          19  0.864789262794250     
          20          21  0.857290331496318     
          20          22  0.854377915327444     
          16          23  0.125025876439678     
          23          24  0.820882717681355     
          23          25  0.852549137281607     
          26          27  0.878736573802859     
          26          28  0.848462499985224     
          29          30  0.870288350899999     
          29          31  0.874805001447939     
          32          33  0.890419659604085     
          32          34  0.841428085432041     
          35          36  0.873831735521396     
          35          37  0.862922253388454     
