    0.07388209
   -0.01891287
    0.29490998
    0.11434976
   -0.18951453
    0.04230721
   -0.11627609
   -0.63483648
    0.36228936
    0.27805442
   -0.66189265
    0.29471081
    0.05843893
   -0.67476802
    0.34612519
    0.35706676
   -0.69912347
    0.34060962
    0.34798347
   -0.69282762
    0.36579404
    0.36072814
   -0.68198209
    0.34949680
    0.34376054
   -0.68065342
    0.34229448
    0.33463239
   -0.68151083
    0.34399842
    0.33530595
   -0.65605012
    0.34333726
    0.35827257
