           1           2  0.973159680484876     
           2           4  0.957319055852173     
           2           5  0.984458256003683     
           3           5  0.834871488525129     
           2           7   1.01004811211240     
           6           7  0.975186718196319     
           7           9  0.930993498320218     
           8           9   1.45472866402612     
           5          10  0.844632154936142     
           8          11  0.206875357818702     
           9          11   1.51455018836296     
           5          12  0.836071333154466     
           7          13  0.959463237747015     
          14          15  0.835154849668706     
          14          16  0.866419467806807     
          17          18  0.830896952262201     
          17          19  0.875362821946919     
          20          21  0.863547150490538     
          20          22  0.867125374403709     
          23          24  0.873623959796836     
          23          25  0.834576914217805     
          26          27  0.844471141892818     
          26          28  0.847753003782712     
          29          30  0.812876444929562     
          29          31  0.880735923385645     
          32          33  0.831917334890043     
          32          34  0.865511135117155     
