   -0.18438705
   -0.02766374
   -0.07051371
   -0.10062331
    0.36120483
   -0.65808442
   -0.68042959
    0.29177499
    0.27926419
    0.09068662
    0.09730984
    0.05177274
    0.05382776
    0.03000583
    0.02515741
    0.31719076
   -0.68969855
    0.35564512
    0.34128827
   -0.69834298
    0.34660380
    0.35133516
   -0.68875726
    0.35457450
    0.34019046
   -0.64730806
    0.34916813
    0.35015580
   -0.69012892
    0.34793740
    0.34292913
   -0.68117146
    0.34708168
    0.35380419
   -0.68272381
    0.35785148
    0.36307279
