           1           2  0.987372696496708     
           2           3   1.00815101920017     
           3           4   1.00771517926654     
           4           5  0.923626651558759     
           5           6   1.49428516671767     
           5           7   1.48289584616698     
           6           7  0.210360958293511     
           1           8  0.848638875787656     
           1           9  0.907615551514487     
           2          10  0.969363996207080     
           2          11  0.968330153967092     
           3          12  0.974941118466462     
           3          13  0.971219010221772     
           4          14  0.962814352115138     
           4          15  0.977908545081929     
           1          16  0.774856536750998     
          17          18  0.868891222350321     
          17          19  0.847064784705542     
          20          21  0.840993871778567     
          20          22  0.873213009915749     
          23          24  0.839462729216282     
          23          25  0.845986942358426     
          16          26  0.112964230026125     
          26          27  0.829656089960922     
          26          28  0.837203265138495     
          29          30  0.801525492865932     
          29          31  0.874004092510989     
          32          33  0.832941528120389     
          32          34  0.866764778817994     
          35          36  0.867562244484131     
          35          37  0.864567753646821     
