   -0.19976519
   -0.02558601
   -0.07368075
   -0.11641622
    0.36521683
   -0.65717328
   -0.59231860
    0.28068006
    0.30279387
    0.10143591
    0.09103521
    0.04986357
    0.06049621
    0.09226497
    0.04689340
    0.28358174
   -0.69351445
    0.35029819
    0.30705789
   -0.68328309
    0.31013210
    0.33072248
   -0.65987314
    0.31769705
    0.36241100
   -0.70062897
    0.35620123
    0.36091069
   -0.67752627
    0.33381539
    0.35692856
   -0.64678583
    0.34305326
    0.33560756
   -0.66308603
    0.32621552
    0.32432514
