           1           2  0.972546168303840     
           2           3   1.01371016340862     
           3           4   1.00731556504024     
           4           5  0.960678921457196     
           5           6   1.39766846766452     
           5           7   1.50877171185539     
           6           7  0.180385597005763     
           1           8  0.910060469185323     
           1           9  0.794652103772402     
           2          10  0.967968537144709     
           2          11  0.972195983157616     
           3          12  0.972965982962561     
           3          13  0.971918722210583     
           4          14  0.937960343152449     
           4          15  0.964721831500695     
           1          16  0.828100230358718     
          17          18  0.876785151520772     
          17          19  0.854512056285267     
          20          21  0.867744309851972     
          20          22  0.866122735210896     
          23          24  0.850148611320406     
          23          25  0.861194405198387     
          26          27  0.870150740864143     
          26          28  0.866614107581459     
          29          30  0.841765187181384     
          29          31  0.869801316952039     
           9          32  0.103472720548432     
          32          33  0.851752399219407     
          32          34  0.846141241233213     
          35          36  0.861288318021865     
          35          37  0.861380058559043     
