           1           2  0.952093118610325     
           2           3   1.37533139593629     
           2           4   1.55562172674728     
           3           4  0.192285228448737     
           1           5   1.01406954610466     
           5           6  0.983578122571376     
           1           7  0.945101543920414     
           1           8  0.956878460596696     
           5           9  0.970910825455983     
           5          10  0.969845045190969     
           6          11  0.843973383535680     
           6          12  0.808140400651133     
           6          13  0.900663829815423     
          14          15  0.854421543951067     
          14          16  0.871890519591794     
          17          18  0.867334212876966     
          17          19  0.866525301194777     
          20          21  0.842492773542721     
          20          22  0.872903946117417     
          23          24  0.861677061624982     
          23          25  0.874504539250919     
          26          27  0.851802913234570     
          26          28  0.864869549231245     
          29          30  0.878803927531152     
          29          31  0.857100670564629     
          32          33  0.834357991962470     
          32          34  0.883847352144717     
