   -0.19724678
   -0.02292866
   -0.07313711
   -0.10284922
    0.36553176
   -0.63391280
   -0.59266420
    0.30039660
    0.28305360
    0.09028770
    0.08500581
    0.05799989
    0.06456571
    0.05664630
    0.03064371
    0.27782192
   -0.66122634
    0.33703768
    0.34167360
   -0.65330198
    0.32830942
    0.33335313
   -0.67982435
    0.35093734
    0.31591828
   -0.67888933
    0.33376154
    0.35452247
    0.33192392
    0.33251158
   -0.65059692
    0.33721397
    0.34894630
   -0.68604202
   -0.68740132
    0.35386433
    0.32919205
   -0.69578904
    0.34841970
    0.33838361
    0.33588927
   -0.68384566
    0.33649650
    0.34325531
   -0.66540117
    0.32149392
