           1           2  0.990018499331467     
           2           3   1.01040675684100     
           3           4  0.994062718674600     
           4           5  0.959050839748084     
           5           6   1.47739953619320     
           5           7   1.43115647753017     
           6           7  0.187609880376288     
           1           8  0.791664417430915     
           1           9  0.849853403745864     
           2          10  0.969811601443570     
           2          11  0.968905861902748     
           3          12  0.972900026169458     
           3          13  0.972282113616285     
           4          14  0.956151109238208     
           4          15  0.979910755327654     
           1          16  0.846039431093929     
           8          17  0.106136430157329     
          17          18  0.839275084257428     
          17          19  0.838283381892797     
          20          21  0.868436258246100     
          20          22  0.837105376236550     
          23          24  0.873856776328827     
          23          25  0.857380251249392     
          26          27  0.842037764645468     
          26          28  0.870575837121162     
          29          31  0.851705817689320     
          30          31  0.844957006046936     
          32          34  0.838913001204899     
          33          34  0.875856086165403     
          35          36  0.870798503004205     
          35          37  0.846341008602625     
          38          39  0.874014845432622     
          38          40  0.829532490607591     
          41          42  0.842946176409319     
          42          43  0.853398649581354     
          44          45  0.874828657123583     
          45          46  0.851960516444306     
