   -0.18518329
   -0.01935785
   -0.07558341
   -0.10159475
    0.35842988
   -0.64791536
   -0.68871974
    0.29792362
    0.30824851
    0.08200377
    0.07544728
    0.05672506
    0.07811604
    0.03000355
    0.02942208
    0.29008185
   -0.65760077
    0.33821867
    0.33906557
   -0.69683731
    0.36243061
    0.36134226
   -0.70169437
    0.36110958
    0.36591500
   -0.69029439
    0.35523434
    0.33082082
   -0.70652164
    0.33311726
    0.35070807
   -0.68601452
    0.35842241
    0.35484243
   -0.65504818
    0.33835935
    0.35637761
