           1           2  0.985569730690732     
           2           3   1.00940713766329     
           3           4   1.00971800752991     
           4           5  0.926221973486683     
           5           6   1.49841372755203     
           5           7   1.47612138174356     
           6           7  0.209729650050867     
           1           8  0.834798101159311     
           1           9  0.806123579447607     
           2          10  0.970478878614544     
           2          11  0.969715854910039     
           3          12  0.972864864731260     
           3          13  0.967535077403642     
           4          14  0.967792692717555     
           4          15  0.967767691205212     
           1          16  0.902675599068081     
          17          18  0.846787048735254     
          17          19  0.879555006380668     
          20          21  0.866525096994262     
          20          22  0.867329438222947     
          23          24  0.866323870891647     
          23          25  0.863477459849894     
          26          27  0.870917692694487     
          26          28  0.851033661275187     
          29          30  0.856757597015549     
          29          31  0.876849033117801     
          32          33  0.867695022513853     
          32          34  0.871382055480319     
          35          36  0.847818644551719     
          35          37  0.871930277694683     
