   -0.18080597
   -0.03296926
   -0.06347478
   -0.10391556
    0.36337549
   -0.65141918
   -0.65598388
    0.27630696
    0.29868560
    0.12017398
    0.09102209
    0.04247674
    0.04932212
    0.04944454
    0.02848674
    0.31470298
   -0.69412987
    0.34524473
    0.32011731
   -0.66453392
    0.31342644
    0.35350301
   -0.67774402
    0.34986162
    0.34253007
   -0.69016513
    0.35522516
    0.34980472
   -0.67202916
    0.31404995
    0.35104458
   -0.67856338
    0.33156912
    0.35094541
   -0.65561426
    0.36315174
    0.34687727
