           1           2  0.985211924968683     
           2           3   1.00686441928756     
           3           4  0.991791559427897     
           4           5  0.938236050893152     
           5           6   1.52057844767616     
           5           7   1.43547769957415     
           6           7  0.203343641557782     
           1           8  0.908832290455344     
           1           9  0.826712304576811     
           2          10  0.955443832734995     
           2          11  0.969163582499852     
           3          12  0.976323781055825     
           3          13  0.975402476305874     
           4          14  0.971538859838227     
           4          15  0.979166204318186     
           1          16  0.809066750298247     
          17          18  0.880611447914285     
          17          19  0.857514337021972     
          20          21  0.862652750280834     
          20          22  0.871703607605437     
          23          24  0.825462907950398     
          23          25  0.876956946012962     
          26          27  0.870851742715804     
          26          28  0.844352834881122     
          29          30  0.818397544204261     
          29          31  0.872202586309509     
          32          33  0.853288730740256     
          32          34  0.868800049813156     
          35          36  0.861319493935843     
          35          37  0.838324486830778     
