    0.07982513
   -0.01825649
    0.29502472
    0.10633055
   -0.17361641
    0.05907568
   -0.11732198
   -0.62276363
    0.36292122
    0.27207950
   -0.66192017
    0.29351851
    0.07729074
   -0.67876908
    0.35613525
    0.33821900
   -0.66543225
    0.35493526
    0.31942292
   -0.68230978
    0.35989802
    0.36480026
   -0.67607065
    0.34954622
    0.33856089
   -0.68193919
    0.34167254
    0.32424366
   -0.69770976
    0.34525970
    0.30687393
   -0.68369791
    0.36027608
    0.35389752
