           1           2  0.970152121277813     
           2           4  0.961876795401420     
           2           5  0.985132718093010     
           3           5  0.843709755666316     
           2           7   1.01430900021357     
           6           7  0.960431388325551     
           7           9  0.945618591759135     
           8           9   1.47884303667132     
           5          10  0.865993970870600     
           8          11  0.197409987990106     
           9          11   1.46081938063657     
           5          12  0.827333051669005     
           7          13  0.953145699123655     
          14          15  0.869229422105253     
          14          16  0.830791194628189     
          17          18  0.871757978447292     
          17          19  0.861849257997900     
          20          21  0.867260489802333     
          20          22  0.864474582074936     
          23          24  0.875718191191473     
          23          25  0.846444710035336     
          26          27  0.879359558241728     
          26          28  0.836091743916502     
          29          30  0.880239695461782     
          29          31  0.844272084419232     
          32          33  0.868128715368121     
          32          34  0.871712370789566     
