   -0.12600649
    0.36468244
   -0.66152420
   -0.64291400
   -0.01159856
   -0.18503270
    0.08557407
    0.07888157
    0.07609074
    0.07311922
    0.30008398
    0.31389723
    0.28113614
   -0.69476106
    0.34131621
    0.34305758
   -0.67709222
    0.34962859
    0.32578002
   -0.67908791
    0.32634995
    0.34704016
   -0.67347609
    0.34935168
    0.34493110
   -0.68115642
    0.32305477
    0.35055053
   -0.65096359
    0.33106781
    0.34584454
   -0.66638232
    0.35809308
    0.34046412
