           1           2  0.938925151518325     
           2           3   1.42264837199941     
           2           4   1.52870890586195     
           3           4  0.200185675684440     
           1           5   1.01276078998028     
           5           6  0.987336933134478     
           1           7  0.956568735467406     
           1           8  0.953385573756408     
           5           9  0.970051240531309     
           5          10  0.972021858312168     
           6          11  0.838269489297826     
           6          12  0.788131953657249     
           6          13  0.902208965294259     
          14          15  0.876453816731520     
          14          16  0.864642414337278     
          17          18  0.870505922467285     
          17          19  0.847201709378164     
          20          21  0.849687856962941     
          20          22  0.874913598768810     
          23          24  0.870581358940563     
          23          25  0.835033740599955     
          26          27  0.804327428690754     
          26          28  0.869646511465289     
          29          30  0.856731167356685     
          29          31  0.835666311284626     
          32          33  0.864626893567014     
          32          34  0.839485172158002     
