           1           2  0.973876884351649     
           2           4  0.961811097917589     
           2           5  0.987105194413712     
           3           5  0.808311193579519     
           2           7   1.00882772490761     
           6           7  0.976117213759188     
           7           9  0.931824930271466     
           8           9   1.45899200669639     
           5          10  0.854565799773556     
           8          11  0.207070576570033     
           9          11   1.50987812063436     
           5          12  0.828365939655624     
           7          13  0.959162444220749     
          14          15  0.871481226485687     
          14          16  0.844344664031692     
          17          18  0.868723169430671     
          17          19  0.868055230168448     
          20          21  0.872254649181253     
          20          22  0.867644885208254     
          23          24  0.876813584045321     
          23          25  0.816666943536697     
          26          27  0.859193334564448     
          26          28  0.832958083032453     
          29          30  0.865603259665290     
          29          31  0.849380836101843     
          32          33  0.847513658808389     
          32          34  0.867192826501744     
