   -0.18549014
   -0.02731370
   -0.06871130
   -0.10933959
    0.36499941
   -0.63409535
   -0.60333273
    0.29531711
    0.28531920
    0.09546571
    0.10200250
    0.06139974
    0.05118462
    0.06655402
    0.03667541
    0.27966465
   -0.66829984
    0.35638404
    0.33671900
   -0.67047002
    0.34663322
    0.33032492
   -0.69870259
    0.34992343
    0.35378518
   -0.68066437
    0.32839744
    0.36013692
   -0.69661431
    0.35047075
    0.30934614
   -0.69891002
    0.36122279
    0.36460714
   -0.68823812
    0.31161931
    0.33202945
