    0.07990343
   -0.01966359
    0.29548249
    0.11093257
   -0.18260358
    0.06932369
   -0.11865482
   -0.61120009
    0.36389089
    0.28459160
   -0.64639878
    0.28931683
    0.07319476
   -0.67236569
    0.31429956
    0.32489234
   -0.69202092
    0.33542472
    0.31560482
   -0.68400774
    0.36753579
    0.35588874
   -0.70386232
    0.32692623
    0.34584226
   -0.70163828
    0.35447576
    0.35245650
   -0.68428417
    0.36084209
    0.36539283
   -0.69360818
    0.36595858
    0.35813168
