           1           2  0.972181429910880     
           2           4  0.959956127070018     
           2           5  0.979863477983190     
           3           5  0.844047141878790     
           2           7   1.01180084776631     
           6           7  0.963610490941380     
           7           9  0.948101168911946     
           8           9   1.49154598410918     
           5          10  0.849222978167706     
           8          11  0.198229715850132     
           9          11   1.45113148794881     
           5          12  0.849801856435837     
           7          13  0.952536727289875     
          14          15  0.850999196601357     
          14          16  0.852216736026644     
          17          18  0.885553753713455     
          17          19  0.847505691477714     
          20          21  0.861527016590521     
          20          22  0.870469758171015     
          23          24  0.850028144379362     
          23          25  0.880193190123977     
          26          27  0.873462719363148     
          26          28  0.874971744417267     
          29          30  0.866577317724916     
          29          31  0.862878638092866     
          32          33  0.864352815811458     
          32          34  0.870274694847820     
