   -0.16994347
   -0.03700675
   -0.06782652
   -0.10625074
    0.36142728
   -0.64451660
   -0.68148845
    0.28803065
    0.28862748
    0.10687367
    0.10996229
    0.04918277
    0.04720332
    0.04946507
    0.04815283
    0.30751588
   -0.67948217
    0.35431554
    0.35856771
   -0.65815876
    0.34083874
    0.31014642
   -0.68244440
    0.35771188
    0.35585552
   -0.68656171
    0.34475831
    0.30373463
   -0.69130876
    0.34630000
    0.34870408
   -0.67840972
    0.34785223
    0.33374067
   -0.67357257
    0.35426196
    0.34374170
