           1           2  0.980595319786426     
           2           3   1.00928600801736     
           3           4   1.00737357610482     
           4           5  0.942550318274089     
           5           6   1.52085834823967     
           5           7   1.42756458843125     
           6           7  0.200615429310121     
           1           8  0.859816415062798     
           1           9  0.857231149533472     
           2          10  0.961551617265413     
           2          11  0.959079488028925     
           3          12  0.974836127966226     
           3          13  0.975506539466826     
           4          14  0.960248726381885     
           4          15  0.960898702184047     
           1          16  0.847271152890075     
          17          18  0.870447449729727     
          17          19  0.867675307088494     
          20          21  0.844135742219608     
          20          22  0.880842555351856     
          23          24  0.868049750004506     
          23          25  0.868992506212526     
          26          27  0.878076285384466     
          26          28  0.840173247119270     
          29          30  0.875842503162077     
          29          31  0.839110236954644     
          32          33  0.873198765681595     
          32          34  0.839590583165677     
          35          36  0.867738970957620     
          35          37  0.830721049637780     
