   -0.18191278
   -0.02486111
   -0.07308535
   -0.11495820
    0.36475705
   -0.64301794
   -0.60348511
    0.29130198
    0.29732321
    0.09861636
    0.08332446
    0.04555372
    0.06788765
    0.09582721
    0.03823732
    0.29891153
   -0.68746058
    0.31618618
    0.35235373
   -0.69170005
    0.33222254
    0.32503444
   -0.67670920
    0.33999653
    0.35772265
   -0.69218531
    0.35163105
    0.33842613
   -0.65280120
    0.31062510
    0.34354587
   -0.66611522
    0.31533624
    0.34040604
   -0.65765792
    0.33209549
    0.32862749
