           1           2  0.980779266316424     
           2           3   1.00407019732347     
           3           4  0.998345909698434     
           4           5  0.955566643590655     
           5           6   1.46848848137643     
           5           7   1.45202851711345     
           6           7  0.190836742256852     
           1           8  0.901541108633905     
           1           9  0.854766837323327     
           2          10  0.970299142287284     
           2          11  0.973731650394997     
           3          12  0.977188192122144     
           3          13  0.975735394718797     
           4          14  0.939609213899879     
           4          15  0.976091958044266     
           1          16  0.799891351354733     
          17          18  0.842896610926423     
          17          19  0.874326118780279     
          20          21  0.869065194850377     
          20          22  0.864634215610347     
          23          24  0.820583091514490     
          23          25  0.866624173013912     
          26          27  0.872570672635384     
          26          28  0.832976273866922     
          29          30  0.887725853903746     
          29          31  0.834922694907850     
          32          33  0.885469014670441     
          32          34  0.838033948463205     
          35          36  0.849297405766527     
          35          37  0.865312104131708     
