    0.10091762
   -0.02021669
    0.30989996
    0.10002479
   -0.18142379
    0.07317079
   -0.11573873
   -0.63881384
    0.36647572
    0.28627715
   -0.63103622
    0.27850834
    0.05551446
   -0.66071018
    0.34307846
    0.36142167
   -0.69963894
    0.36470799
    0.36096269
   -0.65814555
    0.32936663
    0.34962917
   -0.70039974
    0.31497057
    0.35236562
   -0.68079482
    0.36166362
    0.31833181
   -0.67933566
    0.31557843
    0.35054790
   -0.69733324
    0.35121658
    0.31895743
