           1           2  0.962211839862184     
           2           4  0.967408623261897     
           2           5  0.983507617152592     
           3           5  0.798664450021474     
           2           7   1.00832645571589     
           6           7  0.946907647342585     
           7           9  0.945253678798926     
           8           9   1.42548801336239     
           5          10  0.836840063231741     
           8          11  0.194114972622541     
           9          11   1.50623986624751     
           5          12  0.906592092436241     
           7          13  0.972285628206897     
          14          15  0.843527631855641     
          14          16  0.866207396430697     
          17          18  0.863801348482346     
          17          19  0.866900111263486     
          20          21  0.847270179076125     
          20          22  0.873588232956470     
          23          24  0.855127596005723     
          23          25  0.875728064527249     
          26          27  0.863903661840194     
          26          28  0.852385527602501     
          29          30  0.840812268071296     
          29          31  0.873490843561532     
          32          33  0.875389353221100     
          32          34  0.857751354187684     
