   -0.18627687
   -0.02988587
   -0.07226243
   -0.10221488
    0.36566240
   -0.63067090
   -0.59593492
    0.30760985
    0.28843410
    0.10266151
    0.08963094
    0.05427795
    0.06011258
    0.06011655
    0.02772421
    0.27578440
   -0.66171320
    0.34044951
    0.34058390
   -0.65261788
    0.32366375
    0.33539506
   -0.68155983
    0.34652826
    0.31763468
   -0.67427568
    0.33696340
    0.35298007
    0.32897889
    0.33072183
   -0.64578094
    0.34041036
    0.34223416
   -0.69002102
   -0.68840632
    0.35302033
    0.33186880
   -0.68474029
    0.34973246
    0.34802368
    0.34275142
   -0.67754775
    0.33466928
    0.33868904
   -0.68212760
    0.32339110
   -0.66261766
    0.32901564
    0.32902978
   -0.69987422
    0.33880896
    0.34492428
    0.34501228
    0.33027710
   -0.68288627
    0.36120161
    0.31359601
   -0.68115558
