           1           2  0.990196638310819     
           2           3   1.01085402464399     
           3           4  0.990655525123470     
           4           5  0.964448244786298     
           5           6   1.47472499603912     
           5           7   1.42331938386363     
           6           7  0.182955139046210     
           1           8  0.806904341174600     
           1           9  0.826751177064116     
           2          10  0.962544472590052     
           2          11  0.967151431365263     
           3          12  0.973149634927455     
           3          13  0.972700882384427     
           4          14  0.955729058102351     
           4          15  0.980041498817505     
           1          16  0.871799997181733     
          17          18  0.834651460585890     
          17          19  0.833493716907913     
          20          21  0.879638856257387     
          20          22  0.839507887077572     
          23          24  0.875149532379972     
          23          25  0.848278380298753     
          26          27  0.849876360614482     
          26          28  0.848072024872761     
          29          31  0.853851990013703     
          30          31  0.836803447001650     
          32          34  0.826139521326986     
          33          34  0.878467860282918     
          35          36  0.871881699684979     
          35          37  0.836230498171706     
          38          39  0.872859440550271     
          38          40  0.847386165288809     
          41          42  0.838152260605461     
          42          43  0.855440038816417     
          44          45  0.830524820693658     
          45          46  0.864571756335598     
          47          48  0.869445999578505     
          47          49  0.844354514132438     
          50          51  0.855631743318418     
          50          52  0.880061375638937     
          53          55  0.842337265280675     
          54          55  0.880843026521493     
          56          58  0.866628097909592     
          57          58  0.862296657788516     
