   -0.18243134
   -0.02723752
   -0.06808051
   -0.10076799
    0.35983577
   -0.65902293
   -0.68530616
    0.27897259
    0.29634859
    0.10349309
    0.08987450
    0.05212734
    0.04682359
    0.02793033
    0.03067733
    0.30122249
   -0.67712502
    0.32816080
    0.34705589
   -0.66391517
    0.33399975
    0.34699255
   -0.68217464
    0.36012732
    0.34528750
   -0.69263750
    0.34190301
    0.33963287
   -0.65774481
    0.36073394
    0.34039902
   -0.67067282
    0.37051573
    0.33337453
   -0.69454245
    0.36513358
    0.36103674
