           1           2  0.987057090261311     
           2           3   1.00812307078824     
           3           4   1.00968561056295     
           4           5  0.926566988015948     
           5           6   1.49404629659515     
           5           7   1.47839450526613     
           6           7  0.209297085477143     
           1           8  0.861282287222185     
           1           9  0.830893389977563     
           2          10  0.963592621565387     
           2          11  0.968997111010815     
           3          12  0.971089479279188     
           3          13  0.975520568829821     
           4          14  0.973366237260437     
           4          15  0.963640946004189     
           1          16  0.830726397534512     
          17          18  0.858147118311802     
          17          19  0.839800291494417     
          20          21  0.885240129316920     
          20          22  0.829516964193480     
          23          24  0.867774917328903     
          23          25  0.879152672159365     
          26          27  0.815793014026273     
          26          28  0.879510137417536     
          29          30  0.863739167433135     
          29          31  0.836681726200313     
          32          33  0.859618948784264     
          32          34  0.885417592665606     
          35          36  0.863604718696937     
          35          37  0.867374830897443     
