   -0.17764440
   -0.02917844
   -0.07175720
   -0.10385011
    0.36617953
   -0.63436138
   -0.60158570
    0.31095268
    0.27818582
    0.09862936
    0.09887341
    0.05418705
    0.06312156
    0.04975087
    0.03065023
    0.28322480
   -0.65439858
    0.34240321
    0.32018245
   -0.68294543
    0.35253285
    0.33041370
   -0.67359292
    0.31940384
    0.35337776
   -0.66322957
    0.34248140
    0.35393675
   -0.68540573
    0.32953133
    0.31914836
   -0.67449525
    0.32587629
    0.33019249
   -0.69069233
    0.35139748
    0.33850384
