           1           2  0.979928321257007     
           2           3   1.00924884073537     
           3           4  0.990371371703524     
           4           5  0.947356452524860     
           5           6   1.48806649614869     
           5           7   1.44972408589252     
           6           7  0.198289527516510     
           1           8  0.793372515553916     
           1           9  0.907373473196540     
           2          10  0.968873775454089     
           2          11  0.960736904719016     
           3          12  0.974880782188421     
           3          13  0.974094439648150     
           4          14  0.972857117568917     
           4          15  0.976881793808178     
           1          16  0.855997964355973     
          17          18  0.865616613380477     
          17          19  0.862275067102502     
          20          21  0.870759300486817     
          20          22  0.819640882755626     
          23          24  0.842441990939910     
          23          25  0.871980181706858     
          26          27  0.824956503455238     
          26          28  0.870584114356458     
          29          30  0.857190222740706     
          29          31  0.863135035759447     
          32          33  0.852352949473277     
          32          34  0.843935037554938     
          35          36  0.872137840796716     
          35          37  0.826921135928569     
