   -0.18543105
   -0.02370902
   -0.07399186
   -0.09937142
    0.36201105
   -0.64062391
   -0.67258486
    0.30007142
    0.27491181
    0.08876502
    0.09280268
    0.06374191
    0.05257672
    0.03183104
    0.02445794
    0.31212748
   -0.67487778
    0.36305472
    0.33546654
   -0.65028672
    0.35326083
    0.32798429
   -0.69617966
    0.34104498
    0.33794482
   -0.67405747
    0.33801686
    0.33988020
   -0.65212490
    0.33387474
    0.34304051
   -0.67804703
    0.36791515
    0.35914369
   -0.71109350
    0.35666587
    0.33178889
