           1           2  0.986543336083114     
           2           3   1.01036622127597     
           3           4   1.00877609534516     
           4           5  0.932865704446308     
           5           6   1.45555471579071     
           5           7   1.50131871104564     
           6           7  0.204598143803680     
           1           8  0.821096992438876     
           1           9  0.910485630923071     
           2          10  0.967047257273398     
           2          11  0.964682486962222     
           3          12  0.971420997492439     
           3          13  0.974773091353502     
           4          14  0.966048715230668     
           4          15  0.965787934943455     
           1          16  0.801145809996341     
          17          18  0.864000933625614     
          17          19  0.839657290428295     
          20          21  0.869365297239836     
          20          22  0.841797484325526     
          23          24  0.853969567619586     
          23          25  0.884983897526946     
          26          27  0.839612083990798     
          26          28  0.881261878245285     
          29          30  0.846450987201044     
          29          31  0.829942329729269     
          32          33  0.862338442343580     
          32          34  0.868682521741912     
          35          36  0.872584053626818     
          35          37  0.858459255216178     
