   -0.17539310
   -0.02043512
   -0.07435032
   -0.10207431
    0.36053566
   -0.62796135
   -0.67702864
    0.28987345
    0.29229309
    0.08435880
    0.07762653
    0.06167902
    0.06324744
    0.03860263
    0.03134883
    0.30230371
   -0.71458213
    0.33831906
    0.35306856
   -0.66648104
    0.36579010
    0.35401610
   -0.69737241
    0.34524133
    0.30367687
   -0.69760433
    0.36370319
    0.36109377
   -0.66205868
    0.33495785
    0.35193470
   -0.65371440
    0.34586954
    0.36384452
   -0.68871050
    0.33918298
    0.33519859
