           1           2  0.989929544096594     
           2           3   1.00929978169865     
           3           4   1.00911268036586     
           4           5  0.935045888786547     
           5           6   1.52059366685193     
           5           7   1.43920974783168     
           6           7  0.202689606543147     
           1           8  0.850067749323538     
           1           9  0.852278740804462     
           2          10  0.970116248896922     
           2          11  0.970160679311449     
           3          12  0.971184509409699     
           3          13  0.974021257837024     
           4          14  0.966487069789793     
           4          15  0.962879770516770     
           1          16  0.825439421468466     
          17          18  0.852260231261669     
          17          19  0.875155484494137     
          20          21  0.862798699414332     
          20          22  0.870242400914129     
          23          24  0.880328506765271     
          23          25  0.842934207907925     
          26          27  0.865388075619087     
          26          28  0.866841220347505     
          29          30  0.847212741970766     
          29          31  0.871316516318165     
          32          33  0.875930956079804     
          32          34  0.863726777671914     
          35          36  0.853226422663413     
          35          37  0.857992355868505     
