   -0.17405833
   -0.03480019
   -0.07183733
   -0.09976868
    0.36586071
   -0.63585600
   -0.64160141
    0.28516780
    0.28646685
    0.11904801
    0.09458229
    0.05993258
    0.06142192
    0.04865391
    0.03270020
    0.32480649
   -0.67225784
    0.31791331
    0.34004570
   -0.68505297
    0.33465708
    0.35155920
   -0.66328749
    0.35273818
    0.36081939
   -0.66508180
    0.34614144
    0.32834774
   -0.66751501
    0.32442529
    0.30340118
   -0.67653307
    0.30931479
    0.35114309
   -0.68742862
    0.35735873
    0.31857283
