           1           2  0.979308310291649     
           2           3   1.00737926660708     
           3           4  0.987967789668718     
           4           5  0.950369852841150     
           5           6   1.50858711956885     
           5           7   1.42326593245422     
           6           7  0.195483167519815     
           1           8  0.904075274560353     
           1           9  0.902186772795166     
           2          10  0.957496963158911     
           2          11  0.969015778123426     
           3          12  0.969368171144619     
           3          13  0.970692904496418     
           4          14  0.972248978926775     
           4          15  0.977925922589425     
           1          16  0.775424852854606     
          17          18  0.832268197199928     
          17          19  0.881873794678185     
          20          21  0.844486059404809     
          20          22  0.871081539811241     
          16          23  0.106993542334099     
          23          24  0.831733706271714     
          23          25  0.865496277814180     
          26          27  0.876168506171900     
          26          28  0.854135393547194     
          29          30  0.860462084168085     
          29          31  0.878663698386074     
          32          33  0.846742484486284     
          32          34  0.870306106505329     
          35          36  0.869389917731105     
          35          37  0.849348859599172     
