   -0.11860915
    0.36739513
   -0.64022211
   -0.61873815
   -0.02174309
   -0.18038766
    0.06753761
    0.08177101
    0.10451228
    0.08708445
    0.31713665
    0.28915946
    0.30021053
   -0.68829488
    0.31249034
    0.32379258
   -0.67378024
    0.31778338
    0.34861599
   -0.69283787
    0.35092698
    0.32926131
   -0.69508504
    0.35399122
    0.32128394
   -0.66017640
    0.33926231
    0.32845320
   -0.69529285
    0.35075560
    0.35069895
   -0.65826720
    0.33894396
    0.36236777
