           1           2  0.942077883050087     
           2           3   1.44126399057050     
           2           4   1.50155387831579     
           3           4  0.199356966049035     
           1           5   1.01368135679149     
           5           6  0.977688360155710     
           1           7  0.953925534561285     
           1           8  0.962717809231008     
           5           9  0.959641042396256     
           5          10  0.968583166896821     
           6          11  0.783831051081603     
           6          12  0.901623265200431     
           6          13  0.896899474497532     
          14          15  0.859586950517909     
          14          16  0.865274102584123     
          17          18  0.832997707246249     
          17          19  0.873268479257879     
          20          21  0.874194913706752     
          20          22  0.859678848856120     
          23          24  0.872435423907623     
          23          25  0.839922094097037     
          26          27  0.867874513783729     
          26          28  0.859604122109350     
          29          30  0.876165984617236     
          29          31  0.876229488674079     
          11          32  0.102228313585319     
          32          33  0.835676681349442     
          32          34  0.864219182547151     
