           1           2  0.985591319923249     
           2           3   1.01012144061827     
           3           4   1.00734882212701     
           4           5  0.940967917274122     
           5           6   1.47427677152139     
           5           7   1.46622394731608     
           6           7  0.195559485395312     
           1           8  0.809850674872030     
           1           9  0.904183996052272     
           2          10  0.970040309046221     
           2          11  0.968073290631672     
           3          12  0.969813126696427     
           3          13  0.973882471372718     
           4          14  0.969244992363461     
           4          15  0.957577807067260     
           1          16  0.830933688457840     
          17          18  0.872181891205586     
          17          19  0.867078575406287     
          20          21  0.865793702041851     
          20          22  0.861920513444782     
          23          24  0.870536961897731     
          23          25  0.868370170633367     
          26          27  0.872101594995889     
          26          28  0.851317808733878     
          29          30  0.846106991710498     
          29          31  0.878422992290932     
          32          33  0.838547177015386     
          32          34  0.874648754908850     
          35          36  0.871802434908459     
          35          37  0.874362201771340     
