   -0.17878559
   -0.02540324
   -0.06830943
   -0.10750091
    0.36468857
   -0.64927469
   -0.65037607
    0.31342746
    0.28049125
    0.10460083
    0.07549123
    0.04054357
    0.06520855
    0.06182186
    0.01739275
    0.28814120
   -0.67069784
    0.31509126
    0.34638664
   -0.67851838
    0.34852072
    0.33536769
   -0.68063256
    0.35294788
    0.35823787
   -0.66371868
    0.32049228
    0.34952179
   -0.69215019
    0.33956727
    0.34681375
   -0.65510066
    0.35110562
    0.33450137
   -0.68511608
    0.35127474
    0.34394819
