           1           2  0.989331761975411     
           2           3   1.01058304051119     
           3           4  0.992588889774794     
           4           5  0.940443356642314     
           5           6   1.53236174298501     
           5           7   1.41324206889625     
           6           7  0.198940998920080     
           1           8  0.801348482316162     
           1           9  0.898869452153093     
           2          10  0.960659493310498     
           2          11  0.968144794605805     
           3          12  0.975092714109323     
           3          13  0.972097349068656     
           4          14  0.969691904183983     
           4          15  0.974876120819727     
           1          16  0.824271595022636     
          17          18  0.848870373046971     
          17          19  0.874961081864881     
          20          21  0.853201409433945     
          20          22  0.848513686985271     
          23          24  0.873655456438693     
          23          25  0.869185222775789     
          26          27  0.850579653785532     
          26          28  0.847270508352579     
          29          30  0.879553359094361     
          29          31  0.814539403763737     
          32          33  0.837244700678239     
          32          34  0.848493899799582     
          35          36  0.825747733567751     
          35          37  0.875384149149200     
