           1           2  0.964618055054720     
           2           3   1.43378479021911     
           2           4   1.45530471310810     
           3           4  0.178612885542793     
           1           5   1.01304001648663     
           5           6  0.983938174757044     
           1           7  0.940360363419494     
           1           8  0.953190440014231     
           5           9  0.965050000238268     
           5          10  0.962205910786581     
           6          11  0.857460151251792     
           6          12  0.830620110776937     
           6          13  0.845385109186854     
          14          15  0.880090059146404     
          14          16  0.841404152938152     
          17          18  0.869625019935953     
          17          19  0.858857413635769     
          20          21  0.872333749303732     
          20          22  0.842767546993517     
          23          24  0.876552454274187     
          23          25  0.854366683972304     
          26          27  0.877652701293636     
          26          28  0.855618336220768     
          29          30  0.875773773458600     
          29          31  0.864776315490417     
          32          33  0.860031598153604     
          33          34  0.885264077725889     
          35          36  0.848194318386362     
          36          37  0.848371807793201     
          38          39  0.868612624451582     
          39          40  0.866521718380522     
          41          42  0.867358546682600     
          42          43  0.854489060841077     
          44          45  0.868957519746615     
          45          46  0.867660881806278     
