   -0.17975048
   -0.03088901
   -0.06863496
   -0.10229022
    0.36198154
   -0.64117499
   -0.67601472
    0.27122217
    0.28244732
    0.09093238
    0.10723346
    0.04637642
    0.05216767
    0.03606810
    0.04361078
    0.31858396
   -0.69499431
    0.30213507
    0.34537685
   -0.68329664
    0.35082362
    0.35158076
   -0.67861235
    0.34546751
    0.35169562
   -0.66797513
    0.34751498
    0.34454566
   -0.68391724
    0.36228442
    0.36136922
   -0.68248748
    0.33859518
    0.34566300
   -0.66398560
    0.34449856
    0.35184886
