           1           2  0.986767023074224     
           2           3   1.00785632747728     
           3           4   1.00922798948697     
           4           5  0.936765753794722     
           5           6   1.52119100518728     
           5           7   1.43415103848171     
           6           7  0.201826773964376     
           1           8  0.911721535247563     
           1           9  0.852103014593018     
           2          10  0.969148821195293     
           2          11  0.959578436872302     
           3          12  0.975298679902812     
           3          13  0.973723891235442     
           4          14  0.963752050342450     
           4          15  0.965491953630358     
           1          16  0.766974739807976     
          17          18  0.844919143949798     
          17          19  0.880255083118744     
          20          21  0.844590838515443     
          20          22  0.870863440383571     
          23          24  0.836992561733896     
          23          25  0.868515075522783     
          26          27  0.862088620479887     
          26          28  0.876694900944116     
          29          30  0.865635541631907     
          29          31  0.866508621369121     
          32          33  0.843307434150087     
          32          34  0.876469008770644     
          16          35  0.119543556920940     
          35          36  0.840195456836279     
          35          37  0.830957330662826     
