           1           2  0.926896478777982     
           2           3   1.48294067773860     
           2           4   1.47761044438698     
           3           4  0.206073627744744     
           1           5   1.01573867707469     
           5           6  0.981195121713223     
           1           7  0.970880357801134     
           1           8  0.958016761102063     
           5           9  0.967145951053145     
           5          10  0.969839540230896     
           6          11  0.903465321519184     
           6          12  0.836721574868938     
           6          13  0.827003503903842     
          14          15  0.854757403085791     
          14          16  0.875413530965862     
          17          18  0.869691680753246     
          17          19  0.875967459867561     
          20          21  0.863817423013041     
          20          22  0.863703829584563     
          23          24  0.863483506646994     
          23          25  0.864725926664564     
