   -0.18622445
   -0.02325135
   -0.07549674
   -0.10404383
    0.36517464
   -0.62962768
   -0.59858118
    0.28948181
    0.28919886
    0.09827482
    0.08702017
    0.07792081
    0.06093136
    0.04623632
    0.04096587
    0.27785796
   -0.67918730
    0.32124500
    0.35940748
   -0.70086693
    0.31155985
    0.35452064
   -0.66893969
    0.32321827
    0.36044214
   -0.68381073
    0.36679287
    0.36120657
   -0.67672928
    0.31793554
    0.35443773
   -0.68595461
    0.32324052
    0.32202978
   -0.70500350
    0.35631348
    0.35230481
