           1           2  0.980010330413072     
           2           3   1.01300858391973     
           3           4  0.990647563909925     
           4           5  0.955316116410848     
           5           6   1.45601097040211     
           5           7   1.46940122312513     
           6           7  0.192281980370398     
           1           8  0.845036916617932     
           1           9  0.841142830497848     
           2          10  0.968703132691276     
           2          11  0.969112521214863     
           3          12  0.963882681704638     
           3          13  0.972182180873587     
           4          14  0.965276899037878     
           4          15  0.976218361659820     
           1          16  0.840894001526691     
          17          18  0.854083695348917     
          17          19  0.867923166118504     
          20          21  0.854012870844902     
          20          22  0.873948722270558     
          23          24  0.850529096766822     
          23          25  0.865412946096133     
          26          27  0.862634086642273     
          26          28  0.866928376633167     
          29          30  0.832371690493744     
          29          31  0.868996550877424     
          32          33  0.858087620349120     
          32          34  0.875183142660736     
          35          36  0.872117386855019     
          35          37  0.875037953019087     
