   -0.19055229
   -0.02655664
   -0.07314366
   -0.10384244
    0.36165290
   -0.66288308
   -0.61892164
    0.28380764
    0.29123732
    0.11787670
    0.08141419
    0.06072451
    0.05560121
    0.04177991
    0.01951434
    0.27820591
   -0.67943254
    0.34769761
    0.33779450
   -0.66880539
    0.36140796
    0.36113188
   -0.67627648
    0.33973081
    0.33744378
   -0.67638981
    0.34950065
    0.35462984
   -0.68845175
    0.34420257
    0.34660780
   -0.71046742
    0.34847811
    0.33376492
   -0.67196958
    0.35108103
    0.34240662
