           1           2  0.980814774888187     
           2           3   1.01230245440901     
           3           4   1.00267223773097     
           4           5  0.935665421972677     
           5           6   1.51579162778366     
           5           7   1.44452804213816     
           6           7  0.202147639014382     
           1           8  0.860788797433444     
           1           9  0.841507776092106     
           2          10  0.958257828200746     
           2          11  0.970600656243895     
           3          12  0.972541140617121     
           3          13  0.973426250062813     
           4          14  0.958872968345453     
           4          15  0.978421432108505     
           1          16  0.814612217425079     
          17          18  0.873385517339023     
          17          19  0.829285639637443     
          20          21  0.866363941519744     
          20          22  0.864976319607668     
          23          24  0.853137777485239     
          23          25  0.836625374683887     
          26          27  0.871700965638319     
          26          28  0.795815245639170     
          29          30  0.828705870576657     
          29          31  0.875963288658341     
          32          33  0.878283092260383     
          32          34  0.849303654448650     
          35          36  0.874021292661902     
          35          37  0.822842832950288     
