   -0.11926479
    0.36750472
   -0.65880730
   -0.64032139
   -0.01730813
   -0.19196500
    0.05428025
    0.08322879
    0.10014553
    0.07774981
    0.32196408
    0.28759427
    0.29730135
   -0.68970394
    0.33178389
    0.35865552
   -0.65795642
    0.32690066
    0.31745308
   -0.63813149
    0.34657549
    0.33776251
   -0.69871391
    0.35756462
    0.36781618
   -0.71570494
    0.35553491
    0.36016985
   -0.67373730
    0.35324102
    0.31416121
   -0.68465757
    0.35457467
    0.31430977
