           1           2  0.936898383246373     
           2           3   1.45891335477722     
           2           4   1.48352407385033     
           3           4  0.198041487439448     
           1           5   1.01608923941672     
           5           6  0.981397145020231     
           1           7  0.965754641482669     
           1           8  0.954083435386970     
           5           9  0.964322827771388     
           5          10  0.972486210886424     
           6          11  0.751581376197070     
           6          12  0.903466474895005     
           6          13  0.899022087900961     
          14          15  0.851634342515836     
          14          16  0.866017786225940     
          17          18  0.861216191378155     
          17          19  0.859443766109996     
          11          20  0.132477330799872     
          20          21  0.837939140299684     
          20          22  0.846806178887457     
          23          24  0.870624126320851     
          23          25  0.862273498213547     
          26          27  0.873476979941993     
          26          28  0.870159494146226     
          29          30  0.870992157160573     
          29          31  0.852638606168696     
          32          33  0.871776007775475     
          32          34  0.849423557008222     
