           1           2  0.977049164843254     
           2           3   1.00942975617141     
           3           4   1.00870634469814     
           4           5  0.922026409635694     
           5           6   1.49747361257697     
           5           7   1.48224342426880     
           6           7  0.210999542909833     
           1           8  0.825110601705150     
           1           9  0.897233702512620     
           2          10  0.968789719806737     
           2          11  0.967189007875203     
           3          12  0.973858230060027     
           3          13  0.971011994177440     
           4          14  0.963773778057498     
           4          15  0.975256862708443     
           1          16  0.889204943902781     
          17          18  0.862729927737691     
          17          19  0.865198159552893     
          20          21  0.873260646911685     
          20          22  0.874302915577086     
