   -0.17472882
   -0.02706980
   -0.08454502
   -0.10117181
    0.36300632
   -0.65446867
   -0.65233583
    0.30423859
    0.30211899
    0.09030776
    0.08975347
    0.07149792
    0.08389319
    0.04412791
    0.02037427
    0.29501144
   -0.68236905
    0.33776653
    0.34265680
   -0.67656358
    0.31048428
    0.34964620
   -0.66081106
    0.35687171
    0.33725234
   -0.67299713
    0.33397477
    0.32663089
   -0.67936126
    0.35786454
    0.35434283
   -0.66724882
    0.31447021
    0.34576266
   -0.69177328
    0.34260156
    0.35078895
