           1           2  0.983272778392952     
           2           3   1.00882737459095     
           3           4  0.999393280091538     
           4           5  0.938637899439293     
           5           6   1.41465103824946     
           5           7   1.53016727041746     
           6           7  0.195138086691424     
           1           8  0.829708634458090     
           1           9  0.838472633724313     
           2          10  0.968060477331795     
           2          11  0.970529723832871     
           3          12  0.969703219859171     
           3          13  0.956229604302542     
           4          14  0.958010196493633     
           4          15  0.982090454505166     
           1          16  0.899531238419611     
          17          18  0.820507191272180     
          17          19  0.876858207950663     
          20          21  0.873656646726784     
          20          22  0.830897379547234     
          23          24  0.866220349682060     
          23          25  0.829748895727318     
          26          27  0.846943986610082     
          26          28  0.848564352889185     
          29          30  0.862560553897075     
          29          31  0.809560669761857     
          32          33  0.836735244443910     
          32          34  0.875937643867750     
          35          36  0.878905228448429     
          35          37  0.832008396576545     
