   -0.19233602
   -0.03494263
   -0.07488735
   -0.10689271
    0.36196070
   -0.65232425
   -0.61620014
    0.29364005
    0.28439384
    0.11872458
    0.11269558
    0.07604079
    0.04880593
    0.05311746
    0.02462555
    0.29688495
   -0.67876549
    0.34387343
    0.35153684
   -0.66214789
    0.33709526
    0.33456399
   -0.69201933
    0.34343718
    0.34627680
   -0.69333794
    0.34088035
    0.34220890
   -0.67750346
    0.33724380
    0.33475383
   -0.69290849
    0.34931892
    0.34352116
   -0.69545754
    0.35230675
    0.34181658
