           1           2  0.966829996887086     
           2           3   1.01402074384667     
           3           4   1.00107779024808     
           4           5  0.941073485059627     
           5           6   1.52939788653550     
           5           7   1.42225573950563     
           6           7  0.198663288361344     
           1           8  0.901478356699242     
           1           9  0.906064568519988     
           2          10  0.957415427795294     
           2          11  0.959391968542024     
           3          12  0.967167631403170     
           3          13  0.974242937335663     
           4          14  0.956945796271953     
           4          15  0.978738590685712     
           1          16  0.769393095548389     
           7          16  0.124568084585888     
          17          18  0.878054916793601     
          17          19  0.798855821270337     
          20          21  0.835254507596059     
          20          22  0.852226854234835     
          23          24  0.844855462681933     
          23          25  0.877511367110408     
          26          27  0.879046065364858     
          26          28  0.830227150955200     
          29          30  0.848711989412569     
          29          31  0.871080242525975     
          32          33  0.874235928655306     
          32          34  0.833586830396638     
          35          36  0.872070406604071     
          35          37  0.834355460466398     
