    0.08712319
   -0.01626792
    0.30285205
    0.09304271
   -0.19348446
    0.04356796
   -0.11563626
   -0.63222740
    0.36369099
    0.28338833
   -0.64573670
    0.28367585
    0.06010425
   -0.67579236
    0.32387438
    0.35673852
   -0.70676168
    0.36517928
    0.35637493
   -0.69441451
    0.32628676
    0.33490561
   -0.68853549
    0.35451711
    0.36125451
   -0.68457653
    0.35980914
    0.36607707
   -0.71383496
    0.35447705
    0.35935783
   -0.64662360
    0.33496455
    0.34262978
