           1           2  0.969868232335032     
           2           4  0.969840704847064     
           2           5  0.986013929054445     
           3           5  0.810381264641483     
           2           7   1.00920758860583     
           6           7  0.974800061822449     
           7           9  0.935682216264026     
           8           9   1.42177134665395     
           5          10  0.842643921292614     
           8          11  0.201332111028838     
           9          11   1.53581221316160     
           5          12  0.852745573034136     
           7          13  0.958230454668624     
          14          15  0.858413512444636     
          14          16  0.869429285770709     
          17          18  0.864162398116169     
          17          19  0.871059395111685     
          20          21  0.872136562989260     
          20          22  0.860895763576595     
          23          24  0.871548824484727     
          23          25  0.867514548447295     
          26          27  0.867733983829821     
          26          28  0.863744915473422     
          29          30  0.874237430289926     
          29          31  0.870761234921839     
          32          33  0.847622180852604     
          32          34  0.840150715125070     
