   -0.18125384
   -0.03106712
   -0.07330272
   -0.10930896
    0.36413547
   -0.65937807
   -0.61282095
    0.28905474
    0.29346419
    0.09991505
    0.10815802
    0.06488361
    0.05621368
    0.06391054
    0.02922608
    0.29170924
   -0.69598419
    0.35246128
    0.31456920
   -0.69491734
    0.35810032
    0.36397875
   -0.68664148
    0.35583352
    0.32892672
   -0.70700648
    0.33030290
    0.35142316
   -0.69872029
    0.35836255
    0.36104933
   -0.68711404
    0.35500664
    0.36046800
   -0.68079617
    0.31727338
    0.34988527
