           1           2  0.971275879062311     
           2           3   1.01238551990790     
           3           4   1.00374037976212     
           4           5  0.947279318181193     
           5           6   1.47910365500614     
           5           7   1.46153406874289     
           6           7  0.197533453495655     
           1           8  0.903593120141489     
           1           9  0.862182384127495     
           2          10  0.969455016682065     
           2          11  0.959096336408576     
           3          12  0.971882074995995     
           3          13  0.972941176578005     
           4          14  0.951445137205045     
           4          15  0.976760002124912     
           1          16  0.807647939624370     
          17          18  0.875636843689140     
          17          19  0.859578337780625     
          20          21  0.869834121045032     
          20          22  0.865113171485876     
          23          24  0.870784933730716     
          23          25  0.851876029780815     
          26          27  0.855246844798235     
          26          28  0.876385518609016     
          29          30  0.869904502141075     
          29          31  0.867030544609774     
          32          33  0.869761273369755     
          32          34  0.867075039210443     
          35          36  0.868400531316977     
          35          37  0.876220082129252     
