   -0.17683317
   -0.03247041
   -0.06819082
   -0.10180437
    0.36036484
   -0.66021524
   -0.68219536
    0.27814458
    0.29400301
    0.11531389
    0.09370183
    0.03909429
    0.05600620
    0.03689380
    0.02493644
    0.31292129
   -0.70018649
    0.35626298
    0.34154210
   -0.71000279
    0.34368992
    0.33654734
   -0.65167827
    0.36413917
    0.34584988
   -0.70103469
    0.34583288
    0.33340822
   -0.69069345
    0.35202724
    0.36370036
   -0.66410374
    0.37134911
    0.33475109
   -0.66167243
    0.36141922
    0.33918157
