           1           2  0.982129030017398     
           2           3   1.00881833685542     
           3           4   1.00693998885177     
           4           5  0.925807736658620     
           5           6   1.49249155082934     
           5           7   1.48153056049125     
           6           7  0.209524355453773     
           1           8  0.907382926552780     
           1           9  0.842255703691808     
           2          10  0.955995244130448     
           2          11  0.969255592881273     
           3          12  0.976502409211846     
           3          13  0.969419754557977     
           4          14  0.961878809819119     
           4          15  0.978567235441228     
           1          16  0.807434079399685     
          17          18  0.870748073626715     
          17          19  0.837083834113514     
          20          21  0.881686209510919     
          20          22  0.845245688404594     
          23          24  0.863549460426619     
          23          25  0.827593513709107     
          26          27  0.878254666290649     
          26          28  0.849252381011859     
          29          30  0.873060593744182     
          29          31  0.862996457480953     
          32          33  0.858671644533057     
          32          34  0.884419044251199     
          35          36  0.863677033309025     
          35          37  0.846610997001060     
