   -0.16527774
   -0.03692954
   -0.06972687
   -0.11321069
    0.36198546
   -0.64941579
   -0.67582632
    0.29830200
    0.28633838
    0.09397265
    0.11921474
    0.05318366
    0.04317048
    0.05120103
    0.06437115
    0.31771967
   -0.67225534
    0.35539441
    0.35145887
   -0.69181718
    0.31477067
    0.34509100
   -0.65673761
    0.32919495
    0.31454482
   -0.69455905
    0.35204110
    0.34553865
   -0.66685070
    0.36093043
    0.36686154
   -0.69457406
    0.35275196
    0.33970557
   -0.70156294
    0.34461460
    0.32638605
