           1           2  0.978996491628848     
           2           3   1.00896189058269     
           3           4   1.00794111134578     
           4           5  0.943378230612615     
           5           6   1.51476509859814     
           5           7   1.43065004220065     
           6           7  0.199195746390271     
           1           8  0.877364923035643     
           1           9  0.903316920750868     
           2          10  0.969662908370950     
           2          11  0.957247540698394     
           3          12  0.974534045145522     
           3          13  0.975230351229995     
           4          14  0.956939944634671     
           4          15  0.956716585901320     
           1          16  0.813201219259167     
          17          18  0.868781806935550     
          17          19  0.864287335431706     
          20          21  0.855249677191531     
          20          22  0.880229088724650     
          23          24  0.856501342335546     
          23          25  0.826785928748133     
          26          27  0.872672340693427     
          26          28  0.837401634813359     
          29          30  0.866937759154003     
          29          31  0.862264063638702     
          32          33  0.871540550290195     
          32          34  0.843570236133943     
          35          36  0.881026457884954     
          35          37  0.851138973664894     
