   -0.12396221
    0.36657481
   -0.67085973
   -0.62675617
   -0.01528881
   -0.18667835
    0.07356866
    0.08699551
    0.07655680
    0.08500880
    0.29511246
    0.30722288
    0.28556603
   -0.65932011
    0.35782104
    0.32447804
   -0.69685601
    0.35549202
    0.36447300
   -0.69423619
    0.36549869
    0.35434795
   -0.67709416
    0.35569864
    0.31033311
   -0.68177549
    0.35400797
    0.31148242
   -0.64740551
    0.33289965
    0.34074756
   -0.69116340
    0.32137154
    0.34613854
