           1           2  0.944895619582464     
           2           3   1.38521148516133     
           2           4   1.54816296353851     
           3           4  0.189174202883698     
           1           5   1.01009301129925     
           5           6  0.986258057238398     
           1           7  0.951865865622491     
           1           8  0.956480634806162     
           5           9  0.968460584052072     
           5          10  0.972858582922043     
           6          11  0.834796589138237     
           6          12  0.794142783337202     
           6          13  0.904751788185500     
          14          15  0.868319497108929     
          14          16  0.856873429073866     
          17          18  0.870827566624417     
          17          19  0.864334590792722     
          20          21  0.863847137001666     
          20          22  0.872954492794511     
          23          24  0.868742791321308     
          23          25  0.851538973962014     
          26          27  0.870847973611181     
          26          28  0.842300789721481     
          29          30  0.850408878971339     
          29          31  0.849378954581189     
          32          33  0.858878619130336     
          32          34  0.879491243518328     
