    0.10544574
   -0.02387321
    0.29464979
    0.09534917
   -0.17797144
    0.08866944
   -0.12026604
   -0.62060363
    0.37167636
    0.27987808
   -0.63070967
    0.28976689
    0.07964624
   -0.67281538
    0.33649295
    0.32500615
   -0.68007487
    0.32558605
    0.31290482
   -0.67872470
    0.34069730
    0.31150332
   -0.67280024
    0.30943807
    0.32989319
   -0.69234509
    0.33020969
    0.35711033
   -0.66952003
    0.31421216
    0.35819338
    0.31625088
   -0.65867255
    0.34704056
   -0.67694215
    0.31570833
    0.35540104
    0.35911578
   -0.66697912
    0.32763129
    0.36049479
    0.32901567
   -0.66914616
    0.36525245
   -0.68223555
    0.36143991
