   -0.19099857
   -0.02430950
   -0.07352095
   -0.10331653
    0.36539161
   -0.63500760
   -0.60770228
    0.28743246
    0.30078470
    0.09958857
    0.08745342
    0.06412210
    0.06755987
    0.04606502
    0.02840660
    0.28748937
   -0.65759373
    0.32518842
    0.34171310
   -0.70925169
    0.34902171
    0.33096634
   -0.67725003
    0.31500098
    0.35802957
   -0.72160660
    0.36177049
    0.35983608
   -0.67292907
    0.33250704
    0.36033511
   -0.67053437
    0.32971443
    0.35303277
   -0.69775553
    0.33515948
    0.35520721
