           1           2  0.980538500884511     
           2           3   1.01242963589901     
           3           4  0.994584760856974     
           4           5  0.946510030229325     
           5           6   1.50185475300946     
           5           7   1.43140071256681     
           6           7  0.194934390706625     
           1           8  0.904168881957323     
           1           9  0.812136472115215     
           2          10  0.968647598798161     
           2          11  0.969151097558059     
           3          12  0.970986701528106     
           3          13  0.971490186521858     
           4          14  0.964479154302854     
           4          15  0.980563858432473     
           1          16  0.819715860472744     
          17          18  0.850986432772640     
          17          19  0.823089034598680     
          20          21  0.878029711918269     
          20          22  0.849806865080399     
          23          24  0.851485298263351     
          23          25  0.867992170459444     
          26          27  0.868948877697517     
          26          28  0.870343693425865     
          29          30  0.828921651362401     
          29          31  0.865472259824417     
          32          33  0.846985909508821     
          32          34  0.871946234071690     
          35          36  0.835752954582748     
          35          37  0.871464061983083     
