   -0.12880579
    0.36425381
   -0.66506530
   -0.64531923
   -0.01383005
   -0.18391774
    0.07554254
    0.09286680
    0.08213877
    0.07527362
    0.29397638
    0.31369652
    0.29005455
   -0.65823462
    0.34017242
    0.34433744
   -0.67421141
    0.36441655
    0.37192042
   -0.66120975
    0.32048157
    0.34038321
   -0.67130311
    0.34807753
    0.31966295
   -0.69368274
    0.34419334
    0.33742281
   -0.70140643
    0.32491602
    0.34672094
   -0.68606008
    0.34353418
    0.34900386
