           1           2  0.938797978305930     
           2           3   1.42854841841461     
           2           4   1.52219045964017     
           3           4  0.200293460685003     
           1           5   1.01490510007715     
           5           6  0.982763535823476     
           1           7  0.960240741256617     
           1           8  0.944271641822517     
           5           9  0.969517232082449     
           5          10  0.972600896798266     
           6          11  0.852861065043817     
           6          12  0.791951099307045     
           6          13  0.903027317405929     
          14          15  0.823619138714753     
          14          16  0.869383811101270     
          17          18  0.862829721070241     
          17          19  0.858171331331499     
          20          21  0.853450444042160     
          20          22  0.839386615742522     
          23          24  0.875457462402355     
          23          25  0.813467603428165     
          26          27  0.880910502787880     
          26          28  0.859844263646416     
          29          30  0.853378363086756     
          29          31  0.879581075210438     
          32          33  0.840780692924755     
          32          34  0.872898393823965     
