   -0.12872063
    0.36752399
   -0.67038486
   -0.63259744
   -0.01986043
   -0.17872017
    0.08026963
    0.09206414
    0.10045415
    0.07908129
    0.32210511
    0.28984518
    0.30128299
   -0.69404140
    0.31196515
    0.34574650
   -0.69295664
    0.32233995
    0.33854320
   -0.69668467
    0.36455286
    0.36036838
   -0.67668287
    0.34158523
    0.31413878
   -0.67448277
    0.33689529
    0.35725053
   -0.66856909
    0.31831328
    0.35410263
   -0.64136611
    0.33685779
    0.33978102
