           1           2  0.941489742378973     
           2           3   1.39148165831435     
           2           4   1.54679590294828     
           3           4  0.192336319894758     
           1           5   1.01136461808385     
           5           6  0.976329490466403     
           1           7  0.944741152077412     
           1           8  0.960252409525930     
           5           9  0.963698285941879     
           5          10  0.971019402486376     
           6          11  0.792506431603216     
           6          12  0.901255999863044     
           6          13  0.896477927728228     
          14          15  0.880294946030279     
          14          16  0.843302819271242     
          17          18  0.846011462695734     
          17          19  0.884003859015312     
          20          21  0.864287353868808     
          20          22  0.867831511114814     
          23          24  0.843399355081948     
          23          25  0.859214134352948     
          26          27  0.834329351275743     
          26          28  0.867654833933969     
          29          30  0.832339493984365     
          29          31  0.867632648860083     
          32          33  0.842853878804270     
          32          34  0.837439589353646     
