   -0.17794267
   -0.02394803
   -0.07372722
   -0.10251121
    0.36289039
   -0.63098494
   -0.65592676
    0.27949307
    0.30001241
    0.10942078
    0.07115092
    0.05286348
    0.06829609
    0.05104947
    0.03237728
    0.30550789
   -0.68555506
    0.31152724
    0.35211847
   -0.67789804
    0.36748904
    0.36100481
   -0.69542814
    0.34795556
    0.31240592
   -0.64706887
    0.34233270
    0.36493356
   -0.71211146
    0.33613601
    0.35190736
   -0.68113292
    0.30981398
    0.35006256
   -0.68450977
    0.35509976
    0.35289634
