           1           2  0.983900533091155     
           2           3   1.01007576871564     
           3           4   1.00486519464103     
           4           5  0.941756006463902     
           5           6   1.48704120498615     
           5           7   1.45797429096002     
           6           7  0.199957352005647     
           1           8  0.907142879648359     
           1           9  0.829318429784823     
           2          10  0.959546347269587     
           2          11  0.972299730890190     
           3          12  0.973244095010188     
           3          13  0.972573678231239     
           4          14  0.971525968462530     
           4          15  0.958975642837014     
           1          16  0.815940314844402     
          17          18  0.836295914421511     
          17          19  0.871746087496905     
          20          21  0.862244704805365     
          20          22  0.867057865813305     
          23          24  0.878742200959182     
          23          25  0.854027162499581     
          26          27  0.846165920595599     
          26          28  0.863471619746576     
          29          30  0.853066350895383     
          29          31  0.875986069109656     
          32          33  0.866783555228288     
          32          34  0.875780761331590     
          35          36  0.869203419222729     
          35          37  0.872039106379835     
