   -0.18285587
   -0.02503340
   -0.07863043
   -0.10240255
    0.36514055
   -0.61896864
   -0.64270636
    0.29408688
    0.28813359
    0.08608487
    0.08705059
    0.08331334
    0.05192006
    0.04415337
    0.05029394
    0.30082549
   -0.64661774
    0.35131362
    0.33841178
   -0.66614703
    0.31437676
    0.34855936
    0.35729550
   -0.67876908
    0.34854022
   -0.69033249
    0.35432778
    0.31398626
    0.35870942
   -0.68302553
    0.35674916
    0.32148499
   -0.68142076
    0.31063549
    0.34087884
   -0.68956196
    0.35692944
    0.35075245
   -0.69447145
    0.30698954
