   -0.17548348
   -0.01874741
   -0.07441000
   -0.10988241
    0.36185567
   -0.66778019
   -0.63060694
    0.29632537
    0.28729085
    0.09122302
    0.07179664
    0.04616060
    0.07437751
    0.07451135
    0.03921320
    0.29383691
   -0.68080991
    0.35794931
    0.36023853
   -0.69874925
    0.36001604
    0.32886517
   -0.68098093
    0.32315291
    0.35532731
   -0.66947448
    0.34926720
    0.32126351
   -0.68037750
    0.36346338
    0.36126422
   -0.68506315
    0.33284660
    0.30726077
   -0.66576636
    0.35155256
    0.32907338
