           1           2  0.986301141512892     
           2           3   1.00985760787808     
           3           4   1.01144302090584     
           4           5  0.942758982724501     
           5           6   1.39500039243015     
           5           7   1.54236545334435     
           6           7  0.194564124645558     
           1           8  0.838522592592809     
           1           9  0.848035913259763     
           2          10  0.969946172082498     
           2          11  0.971662070349282     
           3          12  0.972227112756412     
           3          13  0.970114937760471     
           4          14  0.958801434837451     
           4          15  0.959877491617313     
           1          16  0.849776788989513     
          17          18  0.869141824410301     
          17          19  0.866350384253837     
          20          21  0.868123921809746     
          20          22  0.844668535586414     
          23          24  0.853341329003928     
          23          25  0.868569745734043     
          26          27  0.872942175885801     
          26          28  0.811987405202630     
          29          30  0.864895011939935     
          29          31  0.866810771138742     
          32          33  0.855353219170927     
          32          34  0.873881669310876     
          35          36  0.872302536102365     
          35          37  0.849440379090725     
