    0.09052480
   -0.02138789
    0.29510161
    0.11102453
   -0.18115800
    0.06149765
   -0.11608627
   -0.61881094
    0.36613686
    0.28052160
   -0.64888591
    0.28629793
    0.06059239
   -0.67860294
    0.35797403
    0.36780255
   -0.69893856
    0.35200403
    0.35240574
   -0.67001051
    0.30005590
    0.33413102
   -0.68542817
    0.35354860
    0.31682835
   -0.68670516
    0.32623134
    0.35538989
   -0.71136988
    0.35471815
    0.33306508
   -0.65974064
    0.36671824
    0.35455458
