           1           2  0.965756344532058     
           2           4  0.958431194819257     
           2           5  0.979967138280444     
           3           5  0.838248704820411     
           2           7   1.00076618166827     
           6           7  0.972970321446598     
           7           9  0.944278154888958     
           8           9   1.48730599607558     
           5          10  0.847248147824378     
           8          11  0.196809617383178     
           9          11   1.45441476038468     
           5          12  0.855342295267141     
           7          13  0.963002465170932     
          14          15  0.869201511684324     
          14          16  0.861992165471196     
          17          18  0.875278020214395     
          17          19  0.875248366526830     
          20          21  0.893874127709104     
          20          22  0.847801076327654     
          23          24  0.871189918637250     
          23          25  0.832719358153829     
          26          27  0.846207416384340     
          26          28  0.870791432151993     
          29          30  0.873974624484454     
          29          31  0.856236994606063     
          32          33  0.864108531448087     
          32          34  0.872150488582550     
