   -0.17912863
   -0.02862716
   -0.07917979
   -0.10781261
    0.35998445
   -0.63867613
   -0.68597188
    0.28924550
    0.32041198
    0.11070156
    0.07139896
    0.04285637
    0.09205148
    0.06465097
    0.04399095
    0.30013692
   -0.65876205
    0.36545459
    0.34627204
   -0.65789096
    0.34183311
    0.31384679
   -0.67061473
    0.31874896
    0.35193371
   -0.69023783
    0.33561414
    0.35150400
   -0.69712479
    0.35124053
    0.34023331
   -0.67132645
    0.32887064
    0.31102321
   -0.67564284
    0.33630974
    0.35268195
