           1           2  0.976559261024181     
           2           3   1.00928116574381     
           3           4   1.00779858949338     
           4           5  0.943995806220003     
           5           6   1.52816171513570     
           5           7   1.41119807982815     
           6           7  0.195975772207854     
           1           8  0.902440193297836     
           1           9  0.791971280674848     
           2          10  0.956300199632171     
           2          11  0.973833890974551     
           3          12  0.976759770815369     
           3          13  0.961496363184764     
           4          14  0.963341559956605     
           4          15  0.955302877758555     
           1          16  0.897382215703159     
          17          18  0.860263533931841     
          17          19  0.815955200554149     
          20          21  0.862516660056726     
          20          22  0.857480853130639     
          23          24  0.843393984710918     
          23          25  0.871326945530684     
          26          27  0.855381076741913     
          26          28  0.874069905327530     
          29          30  0.872661150283151     
          29          31  0.839940229091187     
          32          33  0.864849510437366     
          32          34  0.865943311993943     
          35          36  0.840081209146119     
          35          37  0.871652434400640     
