    0.09762187
   -0.02307470
    0.31180104
    0.10978287
   -0.18839027
    0.07024153
   -0.11908100
   -0.61344210
    0.36467867
    0.28427985
   -0.65790751
    0.27728478
    0.06569765
   -0.70654813
    0.36160683
    0.34744062
   -0.69277882
    0.30597201
    0.35335463
   -0.69376498
    0.35317989
    0.31288933
   -0.68796356
    0.35166279
    0.36486583
   -0.66594310
    0.34771959
    0.35809352
   -0.68310181
    0.33302477
    0.34897065
   -0.68386356
    0.33562689
    0.36006392
