           1           2  0.966858140085393     
           2           4  0.960376492347441     
           2           5  0.975335287198986     
           3           5  0.794959207399037     
           2           7   1.01449093712071     
           6           7  0.958721366192887     
           7           9  0.945397868176252     
           8           9   1.49598672582146     
           5          10  0.850350633037527     
           8          11  0.192828649056464     
           9          11   1.43836294960637     
           5          12  0.909092732311274     
           7          13  0.954564285223514     
          14          15  0.868717436927726     
          14          16  0.878868859269769     
          17          18  0.858796716378613     
          17          19  0.874821305274652     
          20          21  0.875136547064119     
          20          22  0.862168997545453     
          23          24  0.873957268442470     
          23          25  0.863497262035753     
          26          27  0.830207376960210     
          26          28  0.869139491096059     
          29          30  0.837795946253236     
          29          31  0.872320222345043     
          32          33  0.852102935851452     
          32          34  0.867580309088442     
