    0.09824511
   -0.02580995
    0.31259520
    0.10929179
   -0.17748607
    0.06491048
   -0.11780557
   -0.61890641
    0.36537299
    0.28929171
   -0.63928698
    0.28184808
    0.07470345
   -0.69966093
    0.34932788
    0.35577862
   -0.66674057
    0.32306365
    0.36423163
   -0.67233197
    0.34823101
    0.32088331
   -0.69533628
    0.30964313
    0.34932376
   -0.69861176
    0.30988564
    0.35194582
   -0.66699831
    0.35957621
    0.34082530
   -0.72535879
    0.36273959
    0.36261923
