           1           2  0.963502707811776     
           2           4  0.960515883397598     
           2           5  0.980951645238543     
           3           5  0.813738791029209     
           2           7   1.01126790630754     
           6           7  0.964006635677672     
           7           9  0.949980741030080     
           8           9   1.46124670723857     
           5          10  0.837024054768139     
           8          11  0.188734338417786     
           9          11   1.46199692939554     
           5          12  0.907856351235373     
           7          13  0.950013233365669     
          14          15  0.876935670845987     
          14          16  0.872338316929701     
          17          18  0.854868657856801     
          17          19  0.863372548689853     
          20          21  0.873723956556353     
          20          22  0.852666607725591     
          23          24  0.853407514619135     
          23          25  0.877220695441540     
          26          27  0.854797996680304     
          26          28  0.875953649356701     
          29          30  0.866961881889012     
          29          31  0.848341848470471     
          32          33  0.868174922838243     
          32          34  0.868262181648654     
