   -0.18591296
   -0.02145332
   -0.06990827
   -0.10578817
    0.36242174
   -0.66062008
   -0.63733098
    0.29658889
    0.28805062
    0.11494526
    0.05973308
    0.04155928
    0.07008480
    0.04827838
    0.01905852
    0.27247085
   -0.69059423
    0.35225386
    0.33924342
   -0.64155939
    0.34095278
    0.34135590
   -0.66888762
    0.34699072
    0.34254528
   -0.69446834
    0.36679351
    0.35841336
   -0.69163914
    0.33911608
    0.35817426
   -0.68929253
    0.33862350
    0.35518233
   -0.67721260
    0.33584721
    0.34598398
