           1           2  0.984730222233896     
           2           3   1.00872140374577     
           3           4  0.994104519963387     
           4           5  0.932911788200677     
           5           6   1.51755228540666     
           5           7   1.44909089788866     
           6           7  0.206783259488756     
           1           8  0.820219531086408     
           1           9  0.849444055692700     
           2          10  0.956246107501273     
           2          11  0.975370074888092     
           3          12  0.976779028775555     
           3          13  0.973413084904262     
           4          14  0.972648356816604     
           4          15  0.979791358736286     
           1          16  0.846661943838613     
          17          18  0.872278980161320     
          17          19  0.832774675931806     
          20          21  0.879451485991738     
          20          22  0.837833902409735     
          23          24  0.877068818047576     
          23          25  0.826376928675724     
          26          27  0.862746134310518     
          26          28  0.868460661884487     
          29          30  0.839767038515389     
          29          31  0.869252603003998     
          32          33  0.835035013216227     
          32          34  0.870575282930001     
          35          36  0.832522836237257     
          35          37  0.876345077347409     
