    0.11034489
   -0.02551342
    0.30247958
    0.10400958
   -0.18605776
    0.07694586
   -0.11990924
   -0.60631912
    0.36741618
    0.30661614
   -0.62931277
    0.29478587
    0.06345412
   -0.68618009
    0.37017853
    0.36395243
   -0.67533505
    0.32576076
    0.32049338
   -0.70971121
    0.35423536
    0.32720610
   -0.66108243
    0.32246196
    0.33152788
   -0.68187376
    0.32438618
    0.35375250
   -0.71322972
    0.33108899
    0.34704373
   -0.66299679
    0.31917669
    0.34020465
