           1           2  0.959486630180420     
           2           4  0.967234833850779     
           2           5  0.970700080222899     
           3           5  0.896564033804294     
           2           7   1.00504968745635     
           6           7  0.967486628742321     
           7           9  0.944822751903885     
           8           9   1.47404768696268     
           5          10  0.797959370675199     
           8          11  0.194063018096851     
           9          11   1.46568736922383     
           5          12  0.900067775394012     
           7          13  0.959532352822496     
          14          15  0.859117442635248     
          14          16  0.864068932922225     
          17          18  0.848297166387163     
          17          19  0.848004941030583     
          20          21  0.874361620037682     
          20          22  0.853650783833271     
          23          24  0.835777271030428     
          23          25  0.847501453259249     
          26          27  0.839400343441251     
          26          28  0.870972848388375     
          29          30  0.841861598183500     
          29          31  0.879368720443003     
          32          33  0.861472930120188     
          32          34  0.852963740519541     
