   -0.19071456
   -0.01984218
   -0.07825105
   -0.10246432
    0.36935777
   -0.62789593
   -0.62744065
    0.28998939
    0.28518234
    0.09512410
    0.07622372
    0.07192924
    0.07198465
    0.04766302
    0.05256553
    0.29746248
   -0.68649827
    0.31423055
    0.36585186
   -0.67150252
    0.33039822
    0.32545542
   -0.67082893
    0.33250873
    0.31409443
   -0.64880531
    0.33921149
    0.32082584
   -0.66724255
    0.35251643
    0.31281174
   -0.68250549
    0.36185044
    0.35996167
   -0.66730082
    0.32963636
    0.35806640
   -0.67690723
    0.35181457
    0.32077585
   -0.67314922
    0.35646833
    0.33752994
   -0.66566090
    0.33223991
    0.31193795
    0.32916875
   -0.66454054
    0.30671334
