   -0.19190046
   -0.02402366
   -0.07529037
   -0.10329081
    0.36282477
   -0.64180802
   -0.60474974
    0.29221742
    0.27982907
    0.09922161
    0.08268053
    0.05918118
    0.06499314
    0.05038941
    0.03048066
    0.29339875
   -0.68918635
    0.31253691
    0.34970059
   -0.68459609
    0.34541030
    0.35714969
   -0.68811536
    0.34671163
    0.35278098
   -0.66586540
    0.34050413
    0.35847483
   -0.69689431
    0.32335084
    0.35437505
   -0.72143113
    0.35473281
    0.36669831
   -0.67015756
    0.32441107
    0.35525556
