           1           2  0.985265721623066     
           2           3   1.01140364780594     
           3           4   1.00458011240849     
           4           5  0.946845604040593     
           5           6   1.49032280291503     
           5           7   1.44458555465141     
           6           7  0.193609989019502     
           1           8  0.842099468355461     
           1           9  0.837413523261587     
           2          10  0.968779898345298     
           2          11  0.969718155132073     
           3          12  0.973065090994423     
           3          13  0.971717000132467     
           4          14  0.954998847681467     
           4          15  0.973838847287140     
           1          16  0.828906618914897     
          17          18  0.838248810724265     
          17          19  0.874558979641963     
          20          21  0.829076931382887     
          20          22  0.868332881969021     
          23          24  0.841930827405855     
          23          25  0.873222962303805     
          26          27  0.831221464866382     
          26          28  0.864157156711898     
          29          30  0.867995879771207     
          29          31  0.874337700919815     
          32          33  0.873978253305674     
          32          34  0.865345811127827     
          35          36  0.853231131544237     
          35          37  0.869303162721350     
