   -0.17631889
   -0.02339105
   -0.07445856
   -0.10825383
    0.36670928
   -0.62851547
   -0.62531404
    0.29236557
    0.30130474
    0.09943716
    0.08733701
    0.06757908
    0.06645681
    0.06209407
    0.02882895
    0.28817331
   -0.65634245
    0.36022519
    0.34276255
   -0.68164808
    0.35728879
    0.31658114
   -0.67929891
    0.35720162
    0.31661470
   -0.68593654
    0.35604938
    0.32967525
   -0.68264340
    0.35280280
    0.32072625
   -0.70708104
    0.33176089
    0.34967380
   -0.69531674
    0.32726077
    0.34560987
