           1           2  0.975048707241501     
           2           3   1.01114639886546     
           3           4  0.988139240861438     
           4           5  0.948737694884239     
           5           6   1.50488985822939     
           5           7   1.42480759432866     
           6           7  0.192159731332417     
           1           8  0.901844391167230     
           1           9  0.834129306455098     
           2          10  0.968664576240332     
           2          11  0.965094624695354     
           3          12  0.967965698727342     
           3          13  0.973518362698447     
           4          14  0.970506965533223     
           4          15  0.976423902483854     
           1          16  0.838003950089792     
          17          18  0.867973896474795     
          17          19  0.843528049158273     
          20          21  0.868769220333720     
          20          22  0.840996690978179     
          23          24  0.867575363595043     
          23          25  0.851010748851410     
          26          27  0.869473138530353     
          26          28  0.852356364018851     
          29          30  0.869216340578839     
          29          31  0.844845367697205     
          32          33  0.854246649941169     
          32          34  0.877507734461365     
          35          36  0.856173091158084     
          35          37  0.879700083420551     
