    0.07957010
   -0.01944995
    0.29342007
    0.11340972
   -0.18830451
    0.06291165
   -0.12025143
   -0.63391856
    0.36285524
    0.29662371
   -0.65148669
    0.29502850
    0.06680135
   -0.68584933
    0.35685913
    0.36475076
   -0.69565949
    0.32684063
    0.31915582
   -0.70838850
    0.35732714
    0.33011468
   -0.67873933
    0.36412801
    0.36256482
   -0.67505862
    0.32459634
    0.35598686
   -0.69541820
    0.35749577
    0.36401528
   -0.67548394
    0.31966088
    0.35389211
