           1           2  0.972526744804338     
           2           4  0.959125674244562     
           2           5  0.974380996912387     
           3           5  0.901618090184354     
           2           7   1.01230324852667     
           6           7  0.968473135094564     
           7           9  0.935429089857052     
           8           9   1.43858727027040     
           5          10  0.810875692873348     
           8          11  0.204145697690192     
           9          11   1.52484603697155     
           5          12  0.850579262147702     
           7          13  0.956268137717957     
          14          15  0.869128811676747     
          14          16  0.862038193102904     
          17          18  0.854741192660253     
          17          19  0.867137419215337     
          20          21  0.872144574765452     
          20          22  0.861668834749827     
          23          24  0.865205241338091     
          23          25  0.866277283608495     
          26          27  0.856108838563235     
          26          28  0.870442471726586     
          29          30  0.870134228639252     
          29          31  0.865794636073337     
          32          33  0.860143853018359     
          32          34  0.872854018443520     
