           1           2  0.993872723072324     
           2           3   1.00690036369973     
           3           4   1.01036900132195     
           4           5  0.926585471880635     
           5           6   1.47389080317807     
           5           7   1.49319814090105     
           6           7  0.206818055338718     
           1           8  0.807288103117431     
           1           9  0.855830398375162     
           2          10  0.972070128846601     
           2          11  0.971865880759911     
           3          12  0.967175329087851     
           3          13  0.976992182119302     
           4          14  0.971079955464684     
           4          15  0.964361163666040     
           1          16  0.841478024467030     
          17          18  0.819839766704171     
          17          19  0.865199725004002     
          20          21  0.829508087883047     
          20          22  0.863186489025121     
          23          24  0.827689526116409     
          23          25  0.869439124658846     
          26          27  0.832647010036511     
          26          28  0.874392209699909     
          29          30  0.837497956764017     
          29          31  0.857628042970424     
          32          33  0.871143728424105     
          32          34  0.821481738831526     
          35          36  0.802274078920570     
          35          37  0.877610322551596     
