   -0.18042309
   -0.02553160
   -0.07713713
   -0.10748927
    0.36320328
   -0.63856330
   -0.61958539
    0.29800448
    0.29107172
    0.12119646
    0.07194030
    0.06454078
    0.08695448
    0.04844723
    0.03137840
    0.29975312
   -0.69766610
    0.31283323
    0.35083804
   -0.67742709
    0.35531370
    0.32625876
   -0.70243660
    0.33014702
    0.34406857
   -0.67861058
    0.33781133
    0.35160775
   -0.68570918
    0.33248918
    0.35360301
   -0.69473591
    0.34341162
    0.36153617
   -0.69077426
    0.35585238
    0.34382846
