   -0.11978759
    0.36832110
   -0.63406436
   -0.61958735
   -0.01694918
   -0.19056644
    0.08547609
    0.05062977
    0.08496222
    0.10236002
    0.28648544
    0.32395638
    0.29728233
   -0.67619792
    0.34592599
    0.31994619
   -0.67562405
    0.31645204
    0.32650890
   -0.70021132
    0.33147858
    0.35515300
   -0.64474569
    0.34793623
    0.33934011
   -0.66770981
    0.33824839
    0.31776127
   -0.67580692
    0.32256373
    0.35264771
   -0.66178317
    0.34534477
    0.32425355
