           1           2  0.940515551949286     
           2           3   1.41335328350114     
           2           4   1.52470644091691     
           3           4  0.196937125070711     
           1           5  0.996621288499429     
           5           6  0.980152645478438     
           1           7  0.966385544135667     
           1           8  0.973519654915168     
           5           9  0.972603619493068     
           5          10  0.962268857646497     
           6          11  0.903593133412232     
           6          12  0.754796239305199     
           6          13  0.897943447073384     
          14          15  0.875337216186611     
          14          16  0.840405946797444     
          17          18  0.877909617487998     
          17          19  0.855416146903290     
          20          21  0.834457075301603     
          20          22  0.870676312747442     
          12          23  0.128796304296993     
          23          24  0.841468443876655     
          23          25  0.840645617679122     
          26          27  0.853266484029854     
          26          28  0.855389312593211     
          29          30  0.853366795589987     
          29          31  0.870983619694453     
          32          33  0.867012197250586     
          32          34  0.838017932579848     
