    0.08008684
   -0.02251320
    0.30377140
    0.11564740
   -0.17828278
    0.04700184
   -0.11656690
   -0.63139034
    0.36261786
    0.29159589
   -0.65636404
    0.28614934
    0.05783182
   -0.68719828
    0.32414064
    0.34342063
   -0.67341134
    0.35414826
    0.33951181
   -0.69638492
    0.35149659
    0.34427730
   -0.67707551
    0.35184612
    0.35201311
   -0.68623130
    0.33093144
    0.35865700
   -0.69955149
    0.36153772
    0.36159862
   -0.69007148
    0.34307029
    0.35368965
