           1           2  0.972091572688075     
           2           4  0.955783016293087     
           2           5  0.981098569961199     
           3           5  0.844921438793292     
           2           7   1.00987728527760     
           6           7  0.974803670285341     
           7           9  0.930836181214361     
           8           9   1.45033137404467     
           5          10  0.828258047204668     
           8          11  0.206729149810834     
           9          11   1.51969711391594     
           5          12  0.879950175365511     
           7          13  0.959706154098234     
          14          15  0.856603879228587     
          14          16  0.880338628090255     
          17          18  0.866441918554563     
          17          19  0.826803493165795     
          20          21  0.872755131853566     
          20          22  0.832888815074791     
          23          24  0.871385010211211     
          23          25  0.838618227254844     
          26          27  0.855627877284332     
          26          28  0.868619069505687     
          29          30  0.866648856997293     
          29          31  0.867013481111146     
          32          33  0.834502280043126     
          32          34  0.871127634303595     
