           1           2  0.982968091968651     
           2           3   1.01001155682690     
           3           4   1.00870445000633     
           4           5  0.943828452737718     
           5           6   1.48584808521137     
           5           7   1.46173664997657     
           6           7  0.200264748186251     
           1           8  0.905168486698759     
           1           9  0.831039737521592     
           2          10  0.968677670843452     
           2          11  0.967856843871295     
           3          12  0.973884202482053     
           3          13  0.972083203340445     
           4          14  0.961151502524344     
           4          15  0.964379032883001     
           1          16  0.830118109240048     
          17          18  0.866977772584014     
          17          19  0.861413647442571     
          20          21  0.864894749844395     
          20          22  0.863855186158179     
          23          24  0.878931636939039     
          23          25  0.846289268915734     
          26          27  0.891261763989317     
          26          28  0.839728261264765     
