    0.09388268
   -0.02100784
    0.29278541
    0.10624843
   -0.18493944
    0.06472695
   -0.11785864
   -0.62303085
    0.36514231
    0.28179639
   -0.65101518
    0.28635741
    0.06191492
   -0.72112840
    0.36286070
    0.35826757
   -0.68652955
    0.34331187
    0.32170647
   -0.67010489
    0.32656101
    0.36243543
   -0.68760099
    0.31784311
    0.35175709
   -0.68939029
    0.35349518
    0.31549301
   -0.68518304
    0.36682736
    0.35860409
   -0.67935317
    0.36546789
    0.35965699
