           1           2  0.963791877271682     
           2           4  0.963516741880867     
           2           5  0.978478562700219     
           3           5  0.841634018274891     
           2           7   1.00710989969981     
           6           7  0.969132301478615     
           7           9  0.943200446705956     
           8           9   1.48175547861149     
           5          10  0.845976099263312     
           8          11  0.198639094496947     
           9          11   1.46667988352485     
           5          12  0.851152151870505     
           7          13  0.957513189367665     
          14          15  0.868168456174497     
          14          16  0.871480448662835     
          17          18  0.881062769362540     
          17          19  0.859027381207771     
          20          21  0.850764545561361     
          20          22  0.863700474162453     
          23          24  0.869219121298442     
          23          25  0.875782598528826     
          26          27  0.868162579571298     
          26          28  0.831552729497437     
          29          30  0.862637769567111     
          29          31  0.868454868315301     
          32          33  0.863878158215874     
          32          34  0.868263128918603     
