           1           2  0.975249873062533     
           2           3   1.01313873232510     
           3           4   1.00947439335961     
           4           5  0.948392380760273     
           5           6   1.44583265052141     
           5           7   1.48115415114623     
           6           7  0.192058424033995     
           1           8  0.787055082618826     
           1           9  0.885579615076775     
           2          10  0.963283272391162     
           2          11  0.970139513733578     
           3          12  0.972303532285010     
           3          13  0.971027443984497     
           4          14  0.962445364422482     
           4          15  0.957787764281870     
           1          16  0.868254475964045     
          17          18  0.886627118824814     
          17          19  0.847005979339392     
          20          21  0.888399369762828     
          20          22  0.860361795650370     
          23          24  0.870238860686112     
          23          25  0.866255569627066     
          26          27  0.868378919930253     
          26          28  0.870774667369050     
          29          30  0.840565927838941     
          29          31  0.870033004028882     
          32          33  0.876768130120036     
          32          34  0.859246149506851     
           8          35  0.106033906575563     
          35          36  0.846388080478163     
          35          37  0.850806996595293     
