    0.06715823
   -0.01740284
    0.29371085
    0.11582915
   -0.19770865
    0.05547610
   -0.11782005
   -0.64500045
    0.36140572
    0.27000622
   -0.66403066
    0.29699329
    0.05882170
   -0.66626371
    0.32401824
    0.32859920
   -0.68575495
    0.35278774
    0.35417749
   -0.67876841
    0.35311305
    0.36468331
   -0.68017007
    0.35040710
    0.35614456
   -0.66662487
    0.32908441
    0.35160147
   -0.67701298
    0.35746758
    0.32812693
   -0.67503730
    0.34759929
    0.35438330
