           1           2  0.974397969012490     
           2           4  0.954827889453574     
           2           5  0.982558274944258     
           3           5  0.828903119922687     
           2           7   1.00952220213510     
           6           7  0.971433191113691     
           7           9  0.933382929359776     
           8           9   1.45703719281576     
           5          10  0.857075233223150     
           8          11  0.206569682312234     
           9          11   1.50870529480827     
           5          12  0.824062631156955     
           7          13  0.959556486753269     
          14          15  0.847954562051685     
          14          16  0.861269387988126     
          17          18  0.872763170901448     
          17          19  0.871353436638776     
          20          21  0.871323151124524     
          20          22  0.864250020755066     
          23          24  0.834669852822506     
          23          25  0.870859989075658     
          26          27  0.861499122708891     
          26          28  0.839813462358258     
          29          30  0.869912241451177     
          29          31  0.863181026876347     
          32          33  0.837445017494307     
          32          34  0.867566830113662     
