   -0.17858899
   -0.03401610
   -0.06703113
   -0.10299814
    0.36261865
   -0.64635292
   -0.66600179
    0.27487887
    0.30085305
    0.10964774
    0.09751945
    0.04619143
    0.05133224
    0.04293122
    0.03597415
    0.31049723
   -0.67679111
    0.35592331
    0.32053531
   -0.69342462
    0.34419132
    0.35535169
   -0.65810460
    0.34447689
    0.34821088
   -0.69788241
    0.34808220
    0.35398386
   -0.67338688
    0.34904492
    0.35646974
   -0.68528533
    0.31063328
    0.34900287
   -0.66639327
    0.35597531
    0.32193172
