           1           2  0.983113492729878     
           2           3   1.00791532269923     
           3           4   1.00116736869334     
           4           5  0.936939056424434     
           5           6   1.51743851950344     
           5           7   1.43792202103782     
           6           7  0.202308497895962     
           1           8  0.909654835080246     
           1           9  0.836967625761577     
           2          10  0.961116444295582     
           2          11  0.963230705692514     
           3          12  0.973505143795834     
           3          13  0.975344091775482     
           4          14  0.977221122564283     
           4          15  0.962552524340472     
           1          16  0.806364615722753     
          17          18  0.870163623499103     
          17          19  0.856106348312597     
          20          21  0.843847642780895     
          20          22  0.870033429315958     
          23          24  0.830468254352306     
          23          25  0.870391172608372     
          26          27  0.877631578037554     
          26          28  0.873725857434012     
          29          30  0.833068853560055     
          29          31  0.868775377195758     
          32          33  0.829887532304602     
          32          34  0.873492179050451     
          35          36  0.869181027929502     
          35          37  0.855197872961781     
