   -0.16549734
   -0.04072651
   -0.07010664
   -0.10442971
    0.36411885
   -0.61895212
   -0.65263650
    0.30745594
    0.29393446
    0.11236396
    0.11052504
    0.05793818
    0.05370492
    0.06209941
    0.05073747
    0.30831242
   -0.68766753
    0.31097383
    0.32297659
   -0.67640607
    0.35537832
    0.36285464
   -0.67948314
    0.35263203
    0.31337853
   -0.68130442
    0.34999225
    0.32482537
   -0.69526358
    0.35400101
    0.31932444
   -0.68371562
    0.35262096
    0.31092869
   -0.69602489
    0.34997952
    0.35115725
