           1           2  0.971714680334173     
           2           3   1.01030690351929     
           3           4   1.00855886627774     
           4           5  0.952851718746228     
           5           6   1.49887243285225     
           5           7   1.43010494437075     
           6           7  0.196005538783494     
           1           8  0.833769868487112     
           1           9  0.899633347110522     
           2          10  0.955757420917894     
           2          11  0.959479134247409     
           3          12  0.973740174880502     
           3          13  0.973837762078910     
           4          14  0.956344036583357     
           4          15  0.959808427774307     
           1          16  0.892625037353226     
          17          18  0.859372112339373     
          17          19  0.864635939407569     
          20          21  0.868835365731431     
          20          22  0.863720772727937     
          23          24  0.873750784960151     
          23          25  0.870822439867570     
          26          27  0.874053511852559     
          26          28  0.851450104592211     
          29          30  0.872522879133573     
          29          31  0.837788626390088     
          32          33  0.870849376980387     
          32          34  0.837742274885196     
          35          36  0.876358717650997     
          35          37  0.875990808162935     
