   -0.11612030
    0.36773909
   -0.63971419
   -0.62324417
   -0.02684784
   -0.17272977
    0.06121165
    0.06519558
    0.11467095
    0.09601989
    0.29457121
    0.29445747
    0.31896174
   -0.67042747
    0.36731977
    0.36678439
   -0.65950939
    0.33052764
    0.32518471
   -0.67103194
    0.30514009
    0.32243732
   -0.70715320
    0.32651176
    0.35181340
   -0.69286432
    0.32577250
    0.35501260
   -0.67846124
    0.35852088
    0.31778319
   -0.68558432
    0.32042885
    0.35762346
