           1           2  0.936342796298065     
           2           3   1.48580918619467     
           2           4   1.45853211583847     
           3           4  0.198979710525528     
           1           5   1.01650994610848     
           5           6  0.975929964261374     
           1           7  0.962738252975789     
           1           8  0.960165277226926     
           5           9  0.956981716018781     
           5          10  0.968326983924148     
           6          11  0.898681604780617     
           6          12  0.899243646042569     
           6          13  0.800489908644288     
          14          15  0.862062625904642     
          14          16  0.861804490152038     
          17          18  0.837998379991013     
          17          19  0.845888408727579     
          20          21  0.870760103491472     
          20          22  0.860046074087275     
          23          24  0.853457537447114     
          23          25  0.876059377397367     
          26          27  0.842695245070771     
          26          28  0.871192294100733     
          29          30  0.868944147192084     
          29          31  0.847327828964436     
          32          33  0.837357016879797     
          32          34  0.868721241805363     
