   -0.19185106
   -0.02723350
   -0.07671584
   -0.10722448
    0.36293690
   -0.64581582
   -0.59753188
    0.30188578
    0.27585823
    0.11103766
    0.09163251
    0.07842615
    0.05041297
    0.05417519
    0.04457944
    0.28291373
   -0.69498188
    0.32158581
    0.35259503
   -0.69709818
    0.35182656
    0.30942304
   -0.67607623
    0.34456036
    0.35631574
   -0.69958726
    0.35284488
    0.34992553
   -0.68193018
    0.35563662
    0.33901646
   -0.68780580
    0.35221262
    0.31300658
   -0.68441957
    0.35917616
    0.35628776
