           1           2  0.974954678758905     
           2           3   1.01329194290137     
           3           4   1.00093941114757     
           4           5  0.951990331950921     
           5           6   1.44305710411404     
           5           7   1.48857785628047     
           6           7  0.192596631530056     
           1           8  0.812861560584370     
           1           9  0.910139200008011     
           2          10  0.960184840523957     
           2          11  0.968345320800040     
           3          12  0.965444048982885     
           3          13  0.973795759806529     
           4          14  0.953414912167511     
           4          15  0.973028135151132     
           1          16  0.819622526215368     
          17          18  0.866670072973477     
          17          19  0.875566073974302     
          20          21  0.876041079377346     
          20          22  0.856050470366816     
          23          24  0.826068591462434     
          23          25  0.869164182437181     
          26          27  0.875045565219925     
          26          28  0.877092758997329     
          29          30  0.871032204694548     
          29          31  0.846355196128406     
          32          33  0.871587032792910     
          32          34  0.839581294519037     
          35          36  0.868161985000735     
          35          37  0.870295221881697     
