   -0.11885001
    0.36590180
   -0.65547805
   -0.63283078
   -0.00844259
   -0.19270239
    0.07617440
    0.05767324
    0.07710449
    0.08097647
    0.29865601
    0.30925035
    0.29031279
   -0.67324620
    0.31613837
    0.35296369
   -0.69823872
    0.34945758
    0.32597974
   -0.67659962
    0.34319700
    0.31154692
   -0.69323302
    0.35556702
    0.35787042
   -0.66659960
    0.33355503
    0.36122500
   -0.70036346
    0.36604390
    0.35703179
   -0.64018134
    0.33516191
    0.33497783
