           1           2  0.932425687105908     
           2           3   1.40935178859581     
           2           4   1.54439967242677     
           3           4  0.199092132889724     
           1           5   1.00028633595974     
           5           6  0.984640387472030     
           1           7  0.967736064945022     
           1           8  0.973992776256156     
           5           9  0.972802400797534     
           5          10  0.969839435909183     
           6          11  0.829125011055547     
           6          12  0.794416466732005     
           6          13  0.902084588359087     
          14          15  0.856960598372476     
          14          16  0.872927129281504     
          17          18  0.877795389605060     
          17          19  0.861331734511941     
          20          21  0.877671995372637     
          20          22  0.838598144364913     
          23          24  0.871272704472461     
          23          25  0.868515164674929     
          26          27  0.853252997491513     
          26          28  0.865531246605685     
          29          30  0.862491351015384     
          29          31  0.869937735835016     
          32          33  0.855447068671925     
          32          34  0.852321506493609     
