    0.07961800
   -0.01907212
    0.29015816
    0.10060154
   -0.19213173
    0.07784124
   -0.12651409
   -0.61416411
    0.36721977
    0.29180509
   -0.65691079
    0.30332174
    0.09034595
   -0.65911578
    0.36289795
    0.33548093
   -0.69648034
    0.36607515
    0.36213917
   -0.68542555
    0.33282776
    0.35269374
   -0.67396182
    0.35908677
    0.31121827
   -0.67716545
    0.35559232
    0.32250978
   -0.67085263
    0.32645462
    0.31227171
   -0.70231347
    0.32725076
    0.34669745
