           1           2  0.972344998426500     
           2           4  0.968839548925032     
           2           5  0.976617267053424     
           3           5  0.903235788066520     
           2           7   1.01415773246766     
           6           7  0.953477079846694     
           7           9  0.950741804131858     
           8           9   1.49042920800101     
           5          10  0.837773146916402     
           8          11  0.189768537760381     
           9          11   1.43644861009713     
           5          12  0.811507282901582     
           7          13  0.943058390843106     
          14          15  0.864596067092874     
          14          16  0.850841766551439     
          17          18  0.864499966172029     
          17          19  0.866975034594817     
          20          21  0.843653751980283     
          20          22  0.872239244819191     
          23          24  0.866143957263041     
          23          25  0.859163028571683     
          26          27  0.868075180492820     
          26          28  0.854276304329676     
          29          30  0.851798566043446     
          29          31  0.854607591729762     
          32          33  0.853139331023905     
          32          34  0.879666182756029     
