   -0.18385695
   -0.02505201
   -0.07633707
   -0.10281000
    0.36367146
   -0.62507088
   -0.65183993
    0.28992796
    0.28800842
    0.09549373
    0.08447732
    0.07749950
    0.04947834
    0.04344694
    0.04464079
    0.30407043
   -0.67474573
    0.35114721
    0.34834757
   -0.66436064
    0.37077135
    0.34728418
   -0.66175918
    0.35633413
    0.32540654
   -0.67826065
    0.34036569
    0.34774110
   -0.69424025
    0.30613226
    0.34909899
   -0.69602020
    0.35112605
    0.30651501
   -0.67489160
    0.31593265
    0.35232747
