           1           2  0.988982436455698     
           2           3   1.00789120377283     
           3           4   1.00496364368372     
           4           5  0.946602357786971     
           5           6   1.49967085009341     
           5           7   1.43519529451107     
           6           7  0.195498804621012     
           1           8  0.842099278033298     
           1           9  0.850780070250107     
           2          10  0.968425353961810     
           2          11  0.969870067303531     
           3          12  0.961178212395727     
           3          13  0.976426176048929     
           4          14  0.973148903299428     
           4          15  0.955232201891105     
           1          16  0.827715664990281     
          17          18  0.872848406025120     
          17          19  0.841498469236086     
          20          21  0.859521450312176     
          20          22  0.875142828506014     
          23          24  0.868944733693284     
          23          25  0.856000991657310     
          26          27  0.859178766047693     
          26          28  0.874161457212662     
          29          30  0.852675117262629     
          29          31  0.877374412035503     
          32          33  0.876531730113146     
          32          34  0.854791322742180     
          35          36  0.851274995338575     
          35          37  0.871457263018258     
