   -0.18183864
   -0.01710946
   -0.08077661
   -0.10065060
    0.36069099
   -0.64601822
   -0.67631266
    0.28915585
    0.30073686
    0.08778399
    0.06705556
    0.06735845
    0.07562404
    0.03062994
    0.03160490
    0.29047330
   -0.69824360
    0.35928664
    0.36264900
   -0.67480136
    0.32581850
    0.35280480
   -0.68372875
    0.36761686
    0.36014913
   -0.71440956
    0.35878673
    0.35562271
   -0.71909275
    0.35339235
    0.36570040
   -0.66277711
    0.36085747
    0.33545330
   -0.66430057
    0.34660021
    0.31420791
