   -0.17770742
   -0.03153253
   -0.07558742
   -0.10158353
    0.36647394
   -0.64338993
   -0.63685190
    0.29452506
    0.31629426
    0.10530464
    0.09598976
    0.05761190
    0.08433382
    0.04750982
    0.02743244
    0.30717939
   -0.69144655
    0.33114271
    0.34855064
   -0.68257780
    0.32652966
    0.33931537
   -0.66347170
    0.34848360
    0.31419311
   -0.66626429
    0.31506416
    0.34290062
   -0.65393011
    0.30193545
    0.33393360
   -0.65766778
    0.36292251
    0.34179406
   -0.70260193
    0.34722197
    0.32797041
