           1           2  0.977765435550698     
           2           3   1.00768328988441     
           3           4  0.988426284447497     
           4           5  0.943581660348092     
           5           6   1.50091781191030     
           5           7   1.43473520165924     
           6           7  0.196319436129516     
           1           8  0.898905344843399     
           1           9  0.804653167506362     
           2          10  0.965906123233578     
           2          11  0.969680299869609     
           3          12  0.975425932997330     
           3          13  0.959182096786711     
           4          14  0.973085239547855     
           4          15  0.979252701298257     
           1          16  0.892860236944283     
          17          18  0.840385037867697     
          17          19  0.875115857693858     
          20          21  0.853736658127565     
          20          22  0.842998190648600     
          23          24  0.874061135282620     
          23          25  0.843911842968347     
          26          27  0.849766268329245     
          26          28  0.827164303155229     
          29          30  0.876006318930042     
          29          31  0.853123030463814     
          32          33  0.861574262691772     
          32          34  0.824068926315826     
          35          36  0.879269854006603     
          35          37  0.854107086700375     
