    0.07203212
   -0.01576391
    0.29256169
    0.10925626
   -0.19262932
    0.06689613
   -0.11917935
   -0.62486927
    0.36383770
    0.27661440
   -0.65328196
    0.29485433
    0.07116081
   -0.66681809
    0.34516656
    0.33905926
   -0.68905006
    0.35065464
    0.31718975
   -0.67012806
    0.33875834
    0.35428217
   -0.69966010
    0.36282976
    0.36536110
   -0.67911342
    0.32319213
    0.35606621
   -0.67240294
    0.32099262
    0.35596340
   -0.68453154
    0.33401197
    0.35668664
