           1           2  0.973687187913421     
           2           4  0.963103724408149     
           2           5  0.982748278103607     
           3           5  0.834188479063529     
           2           7   1.00878123615296     
           6           7  0.966185939658614     
           7           9  0.943557161423409     
           8           9   1.48317691166943     
           5          10  0.854023703743085     
           8          11  0.199738410450318     
           9          11   1.46598069219575     
           5          12  0.828688801742601     
           7          13  0.954765781059379     
          14          15  0.877402657021368     
          14          16  0.831979247341270     
          17          18  0.872251259809743     
          17          19  0.829758188325029     
          20          21  0.843157059488890     
          20          22  0.871088571342847     
          23          24  0.866099840008456     
          23          25  0.863907376682095     
          26          27  0.851749442983842     
          26          28  0.870463911409986     
          29          30  0.854963173306704     
          29          31  0.868670349959644     
          32          33  0.842743062795985     
          32          34  0.869740429025330     
