   -0.18618299
   -0.02615607
   -0.07367833
   -0.10354208
    0.36220019
   -0.64793059
   -0.62093013
    0.28505644
    0.28853274
    0.11399927
    0.08023293
    0.06076818
    0.06516176
    0.04483880
    0.02169135
    0.28122078
   -0.68512596
    0.36201549
    0.35921321
   -0.67297937
    0.32346156
    0.35679611
   -0.66985840
    0.32701388
    0.34622709
   -0.66744381
    0.36227792
    0.33473158
   -0.71064626
    0.33508294
    0.34511992
   -0.67942722
    0.33115793
    0.33125449
   -0.69732916
    0.36154318
    0.36163260
