           1           2  0.980432573666272     
           2           3   1.01288851038399     
           3           4  0.998186423975358     
           4           5  0.942425450134360     
           5           6   1.53514399491961     
           5           7   1.41082237942977     
           6           7  0.197454181911735     
           1           8  0.857453404234525     
           1           9  0.845977805478847     
           2          10  0.957729840823527     
           2          11  0.970288195702114     
           3          12  0.971833449360778     
           3          13  0.970826141414151     
           4          14  0.959384343238074     
           4          15  0.980522972419047     
           1          16  0.822484253667921     
          17          18  0.866639790959972     
          17          19  0.866960487325791     
          20          21  0.857691045160298     
          20          22  0.869141471263042     
          23          24  0.847296716345550     
          23          25  0.875796756287093     
          26          27  0.862944696618063     
          26          28  0.837510812568459     
          29          30  0.844910422466813     
          29          31  0.880723295937290     
          32          33  0.848578354089318     
          32          34  0.856094169674327     
          35          36  0.867379955836768     
          35          37  0.867195085635453     
