    0.08487121
   -0.01468423
    0.29670424
    0.09353366
   -0.18441754
    0.03886384
   -0.11569420
   -0.64822599
    0.36524441
    0.28556472
   -0.64632106
    0.29069705
    0.06700629
   -0.64418151
    0.31859822
    0.33750005
   -0.67182154
    0.33694957
    0.33974798
   -0.67661129
    0.32608667
    0.34830896
   -0.65561410
    0.34605341
    0.35785182
   -0.68834129
    0.34593386
    0.35374242
   -0.69626514
    0.36311200
    0.36216464
   -0.69214156
    0.33904464
    0.33673979
