           1           2  0.967486688844590     
           2           4  0.968320069387133     
           2           5  0.992439594655887     
           3           5  0.829123029073193     
           2           7  0.998484697797365     
           6           7  0.977083319956839     
           7           9  0.935609960349857     
           8           9   1.41894242867658     
           5          10  0.830965928204484     
           8          11  0.200194502402842     
           9          11   1.53388080024625     
           5          12  0.844584495971049     
           7          13  0.964305546785970     
          14          15  0.859540100590594     
          14          16  0.856956790198969     
          17          18  0.833967775157255     
          17          19  0.878602097177468     
          20          21  0.836652133388638     
          20          22  0.875325305120584     
          23          24  0.833648907325472     
          23          25  0.868839195886471     
          26          27  0.842436701164940     
          26          28  0.871178626639026     
          29          30  0.864939114912196     
          29          31  0.866081871576137     
          32          33  0.830939270241901     
          32          34  0.881554036249122     
