   -0.18875556
   -0.02498650
   -0.07412141
   -0.10404725
    0.36489953
   -0.64433516
   -0.60350484
    0.29043709
    0.28428990
    0.09443570
    0.09601943
    0.05835823
    0.06083729
    0.05933409
    0.03362574
    0.27872572
   -0.66322613
    0.33062500
    0.36210547
   -0.66987583
    0.33474809
    0.31723885
   -0.68358621
    0.35831308
    0.36195826
   -0.71592980
    0.35540025
    0.36052954
   -0.70232433
    0.35246976
    0.35286181
   -0.68451834
    0.34919395
    0.32001014
   -0.69211801
    0.32713489
    0.34777757
