           1           2  0.977651741083999     
           2           3   1.01208244108878     
           3           4   1.00914612553763     
           4           5  0.951731690406676     
           5           6   1.49428400145069     
           5           7   1.43431072486666     
           6           7  0.193299495295654     
           1           8  0.832437497223317     
           1           9  0.858711519189632     
           2          10  0.971093646210345     
           2          11  0.965255756404388     
           3          12  0.973062554366372     
           3          13  0.971813054194928     
           4          14  0.956751261342627     
           4          15  0.963651164855124     
           1          16  0.833217963283879     
          17          18  0.853878310913801     
          17          19  0.866091955750755     
          20          21  0.850863807097935     
          20          22  0.851882243398464     
          23          24  0.867438045678092     
          23          25  0.867040143849250     
          26          27  0.873549370325950     
          26          28  0.869877203057631     
          29          30  0.875163331498426     
          29          31  0.874841124809411     
          32          33  0.874153890609025     
          32          34  0.839695012812133     
          35          36  0.833932130057367     
          35          37  0.876220000437338     
