    0.07405577
   -0.01675964
    0.29185736
    0.11045108
   -0.18631939
    0.06170805
   -0.11857775
   -0.62260496
    0.36431548
    0.28203151
   -0.65016041
    0.29169476
    0.06793198
   -0.69504696
    0.35166131
    0.31562385
   -0.68489933
    0.35879635
    0.36449237
   -0.69810973
    0.36079244
    0.36691820
   -0.69889675
    0.36209326
    0.35889204
   -0.68614271
    0.35159872
    0.31777773
   -0.66920777
    0.35141921
    0.33876256
   -0.68487901
    0.34377555
    0.32495485
