           1           2  0.973260945027087     
           2           4  0.959115166223085     
           2           5  0.981482044634205     
           3           5  0.851119059498123     
           2           7   1.00856015089944     
           6           7  0.970116398273796     
           7           9  0.942187549063786     
           8           9   1.47736090091686     
           5          10  0.844542271704243     
           8          11  0.199642855549805     
           9          11   1.47266011998533     
           5          12  0.835028286900901     
           7          13  0.955658600296234     
          14          15  0.876109547485166     
          14          16  0.859538363026469     
          17          18  0.868292748532663     
          17          19  0.863855743694023     
          20          21  0.867597666303741     
          20          22  0.863322509924929     
          23          24  0.867725768709988     
          23          25  0.869166902326596     
          26          27  0.872529735718005     
          26          28  0.835710806683447     
          29          30  0.873592417811178     
          29          31  0.841811256864195     
          32          33  0.881124754841873     
          32          34  0.863118572023816     
