   -0.18251136
   -0.01961834
   -0.07066364
   -0.10771072
    0.36466890
   -0.64112881
   -0.62107019
    0.30128386
    0.28809368
    0.10771086
    0.06880444
    0.04579732
    0.07099680
    0.05551076
    0.03624634
    0.27372013
   -0.69798274
    0.34824563
    0.30871537
   -0.68703669
    0.36074770
    0.35561068
   -0.71726704
    0.35753337
    0.35973369
   -0.69467247
    0.31066018
    0.35358113
   -0.68137369
    0.36560133
    0.35776849
   -0.66743322
    0.34293648
    0.35450177
   -0.71858113
    0.35853301
    0.36004812
