           1           2  0.983708757133105     
           2           3   1.00969720216113     
           3           4  0.991084947121952     
           4           5  0.946584545939337     
           5           6   1.49568628145216     
           5           7   1.44407555923233     
           6           7  0.196858653009122     
           1           8  0.821630504026395     
           1           9  0.846762174042285     
           2          10  0.964027710126930     
           2          11  0.973976271969930     
           3          12  0.976130835472545     
           3          13  0.973039808694225     
           4          14  0.969146788728040     
           4          15  0.976009417744620     
           1          16  0.859314309717378     
          17          18  0.878254883468467     
          17          19  0.848012782495201     
          20          21  0.867342861513527     
          20          22  0.870847906684993     
          23          24  0.872007522636359     
          23          25  0.870428487331379     
          26          27  0.859497420275430     
          26          28  0.874863964684914     
          29          30  0.863796300959041     
          29          31  0.869651219172014     
          32          33  0.843088202555937     
          32          34  0.871260234830497     
          35          36  0.871253484247168     
          35          37  0.870174469449648     
