   -0.12506671
    0.36489577
   -0.64771503
   -0.63510110
   -0.01235079
   -0.18896669
    0.08690630
    0.08711525
    0.08024954
    0.08000479
    0.30455928
    0.30425103
    0.28879790
   -0.65508056
    0.32905108
    0.31698889
   -0.66362245
    0.35516022
    0.33326832
   -0.68447772
    0.35636921
    0.32583127
   -0.69324172
    0.33051870
    0.31685668
   -0.66247753
    0.35405767
    0.33410131
   -0.68623667
    0.35570738
    0.32569278
   -0.70035604
    0.35680608
    0.36750356
