           1           2  0.987507126599512     
           2           3   1.01117833590203     
           3           4  0.990548721668819     
           4           5  0.963307781892955     
           5           6   1.45268279778370     
           5           7   1.44668282845983     
           6           7  0.185143299602128     
           1           8  0.804753928330334     
           1           9  0.860914994852821     
           2          10  0.968662856581553     
           2          11  0.963495321477865     
           3          12  0.966783606468199     
           3          13  0.970278148782411     
           4          14  0.972020395348666     
           4          15  0.960703779914785     
           1          16  0.833368936054060     
          17          18  0.848996747695278     
          17          19  0.869938104005516     
          20          21  0.837687845319303     
          20          22  0.869279875439662     
          23          24  0.873310044212669     
          23          25  0.850177502275325     
          26          27  0.867865195794176     
          26          28  0.867863409434435     
          29          30  0.845633083957153     
          29          31  0.848167037638029     
          32          33  0.867042949949331     
          32          34  0.867147974033522     
          35          36  0.858743671509288     
          35          37  0.868470317822258     
          38          39  0.837311659418732     
          38          40  0.861032912193022     
          41          42  0.875647353626722     
          41          43  0.860952332528292     
          44          45  0.866884673130146     
          44          46  0.848269999358577     
          47          48  0.847661930686934     
          48          49  0.873107563366594     
