   -0.11979426
    0.37033762
   -0.57727373
   -0.55504475
   -0.01433695
   -0.22810177
    0.05597629
    0.05551068
    0.06030988
    0.09543689
    0.27556027
    0.29069089
    0.25435149
   -0.63655426
    0.26669580
    0.32698036
   -0.62018217
    0.33305508
    0.27716335
   -0.61089014
    0.28184464
    0.32985061
   -0.59526591
    0.28485923
    0.31845323
   -0.62529493
    0.32027186
    0.32770852
   -0.60084448
    0.32829853
    0.29479471
   -0.61702417
    0.32255219
    0.32990538
