           1           2  0.923671183122254     
           2           3   1.47973912783258     
           2           4   1.49129870232182     
           3           4  0.205061369382851     
           1           5   1.00093206001246     
           5           6  0.972714795904867     
           1           7  0.973093946406116     
           1           8  0.966496569613087     
           5           9  0.974546684102247     
           5          10  0.965239303782680     
           6          11  0.823859262189050     
           6          12  0.750618309002205     
           6          13  0.890121013295123     
          14          15  0.921591558993362     
          14          16  0.810639041713349     
          17          18  0.817213395199938     
          17          19  0.919172609576804     
          20          21  0.916891099630448     
          20          22  0.827577390871012     
          23          24  0.915519445170702     
          23          25  0.875867573257987     
          26          27  0.873828230496692     
          26          28  0.827808788825079     
          29          30  0.858068738072061     
          29          31  0.908097460154026     
          12          32  0.153420198279940     
          32          33  0.842321405910406     
          32          34  0.824575665282713     
