   -0.11829934
    0.36838500
   -0.64434931
   -0.63435035
   -0.01505658
   -0.18359196
    0.07633832
    0.05302787
    0.08540158
    0.09750062
    0.27823550
    0.30266826
    0.30443279
   -0.69923351
    0.35958311
    0.36360696
   -0.68680582
    0.34780969
    0.32553672
   -0.66488793
    0.32394200
    0.34702423
   -0.67839278
    0.30883779
    0.34650232
   -0.68424996
    0.30628381
    0.34333100
   -0.66046625
    0.36302743
    0.33582276
   -0.66048747
    0.34169443
    0.35117907
