           1           2  0.938306317229303     
           2           3   1.44297448239064     
           2           4   1.49744223116404     
           3           4  0.193822767254991     
           1           5  0.998048629625754     
           5           6  0.982937390810661     
           1           7  0.965708379075503     
           1           8  0.972981601619298     
           5           9  0.967738231093467     
           5          10  0.965119870752523     
           6          11  0.907719536100748     
           6          12  0.810643180265016     
           6          13  0.819274420425629     
          14          15  0.867479824102967     
          14          16  0.865145788001820     
          17          18  0.872606460773723     
          17          19  0.834418734013773     
          20          21  0.848479685781194     
          20          22  0.871048485019313     
          23          24  0.860145922415901     
          23          25  0.878610940430793     
          26          27  0.855904560951934     
          26          28  0.880689138307152     
          29          30  0.865227315217950     
          29          31  0.848545653499176     
          32          33  0.845673426687251     
          32          34  0.874198679794581     
