    0.07723496
   -0.01649002
    0.29346442
    0.10581555
   -0.19829257
    0.03908040
   -0.11873716
   -0.63822817
    0.36271862
    0.27750797
   -0.66402633
    0.29341862
    0.07217112
   -0.67774195
    0.34935563
    0.33178902
   -0.69444837
    0.34656951
    0.34521356
   -0.68813996
    0.36305909
    0.34896219
   -0.65674194
    0.34551019
    0.33756605
   -0.66902755
    0.33401489
    0.36608472
   -0.70009088
    0.36438400
    0.36257769
   -0.68267688
    0.33545533
    0.35268826
