           1           2  0.971308778828066     
           2           4  0.963930732635089     
           2           5  0.983517641849552     
           3           5  0.832553650972440     
           2           7   1.00826148189091     
           6           7  0.976100111139271     
           7           9  0.936649159412082     
           8           9   1.45051567900964     
           5          10  0.841992166373432     
           8          11  0.205307488748728     
           9          11   1.51144721149299     
           5          12  0.831002056492543     
           7          13  0.952520763616980     
          14          15  0.873886813924696     
          14          16  0.866140553652676     
          17          18  0.875172035690856     
          17          19  0.848663287809257     
          20          21  0.864511773277629     
          20          22  0.875818447187834     
          23          24  0.854805170191082     
          23          25  0.833625051962523     
          26          27  0.855417733600203     
          26          28  0.863910746018028     
          29          30  0.865089233903459     
          29          31  0.866022875790486     
          32          33  0.847830685525446     
          32          34  0.872588844286154     
