   -0.18343881
   -0.02907653
   -0.07063411
   -0.10449468
    0.36441167
   -0.63898739
   -0.61979017
    0.29732460
    0.27889602
    0.09790808
    0.09733153
    0.06134642
    0.06362346
    0.04196448
    0.03053058
    0.28788771
   -0.67674955
    0.33523667
    0.35543933
   -0.69688920
    0.36146122
    0.36360998
   -0.68319931
    0.33496767
    0.35692932
   -0.67344604
    0.31838385
    0.31451081
   -0.67102135
    0.35896861
    0.36617828
   -0.66776727
    0.31514185
    0.33936657
   -0.67766762
    0.33067311
    0.32107019
