           1           2  0.975597904570072     
           2           3   1.00964321045949     
           3           4  0.991976153811217     
           4           5  0.940547035415727     
           5           6   1.48723784214208     
           5           7   1.46155570210626     
           6           7  0.200656953469668     
           1           8  0.827809307718750     
           1           9  0.907887502202699     
           2          10  0.969225278389522     
           2          11  0.958689586518229     
           3          12  0.974145237034619     
           3          13  0.974594218081270     
           4          14  0.973762394511343     
           4          15  0.978232414176899     
           1          16  0.820050801539330     
          17          18  0.832828583019476     
          17          19  0.870702864617074     
          20          21  0.867553609356276     
          20          22  0.864381583602090     
          23          24  0.846463016222716     
          23          25  0.869843923060705     
          26          27  0.868070028160789     
          26          28  0.860222865392598     
          29          30  0.869306885158287     
          29          31  0.863628278853844     
          32          33  0.862589026203284     
          32          34  0.860117366536039     
          35          36  0.847988784178963     
          35          37  0.876045149468483     
