   -0.18730622
   -0.03494166
   -0.07459261
   -0.11083853
    0.36450954
   -0.64073659
   -0.59176742
    0.29342969
    0.28809681
    0.09615233
    0.11801024
    0.06793686
    0.05458742
    0.08210194
    0.04223607
    0.30172060
   -0.68995377
    0.33043508
    0.35770731
   -0.68298113
    0.35529209
    0.32664942
   -0.68601653
    0.32053666
    0.34838399
   -0.66291603
    0.35842971
    0.31924578
   -0.67250028
    0.36315744
    0.32708336
   -0.67990712
    0.32052424
    0.32224071
   -0.69391686
    0.32534918
    0.32455827
