           1           2  0.967145195333777     
           2           3   1.01346565269649     
           3           4   1.00460633324390     
           4           5  0.959319457158982     
           5           6   1.44165995794946     
           5           7   1.47402674019963     
           6           7  0.186709694688264     
           1           8  0.901981643230349     
           1           9  0.904560297180924     
           2          10  0.970229780986047     
           2          11  0.953436712297562     
           3          12  0.970799721205089     
           3          13  0.973058033471148     
           4          14  0.943571312812019     
           4          15  0.971657242930905     
           1          16  0.781355683270631     
           7          16  0.110105357168412     
          17          18  0.857603432602839     
          17          19  0.869622386001015     
          20          21  0.870462335731756     
          20          22  0.854366068280106     
          23          24  0.841595262618070     
          23          25  0.875981564685234     
          26          27  0.868272704395251     
          26          28  0.841289459936233     
          29          30  0.862468813323440     
          29          31  0.846715078130702     
          32          33  0.859066233480522     
          32          34  0.863910119124455     
          35          36  0.864707472194003     
          35          37  0.861712932764324     
