   -0.18476936
   -0.01836280
   -0.07644700
   -0.10155732
    0.36316664
   -0.62720298
   -0.66401300
    0.28350722
    0.29032271
    0.08709573
    0.07126614
    0.06892729
    0.06073026
    0.04042233
    0.03399387
    0.30540428
   -0.69546618
    0.35797992
    0.36104838
   -0.68719947
    0.33815429
    0.35652044
   -0.69730453
    0.30439597
    0.34708966
   -0.64520718
    0.34924521
    0.32353295
   -0.68358893
    0.36118219
    0.36245610
   -0.68425271
    0.34907609
    0.33855896
   -0.65562961
    0.33544100
    0.33148344
