           1           2  0.990185110046660     
           2           3   1.00790006682281     
           3           4   1.00987022171151     
           4           5  0.940044811148563     
           5           6   1.48451514683388     
           5           7   1.46056020756970     
           6           7  0.197911783220080     
           1           8  0.865567635381338     
           1           9  0.848766296039575     
           2          10  0.971236080067063     
           2          11  0.971654442008886     
           3          12  0.967802082125405     
           3          13  0.975620224291114     
           4          14  0.966084883941029     
           4          15  0.960599266383887     
           1          16  0.800114502986934     
          17          18  0.869613929845895     
          17          19  0.868291744586092     
          20          21  0.846491904110565     
          20          22  0.870244865246985     
          23          24  0.845632186087360     
          23          25  0.879031724549874     
          26          27  0.872414119403220     
          26          28  0.850808701851191     
          29          30  0.866482912796569     
          29          31  0.865791672348712     
          32          33  0.875735085891947     
          32          34  0.838124043025947     
          35          36  0.835439405842246     
          35          37  0.853917587531693     
