   -0.18482579
   -0.02616072
   -0.06897742
   -0.10063249
    0.36050146
   -0.65583393
   -0.68589174
    0.28780824
    0.28805929
    0.08875834
    0.08848167
    0.04915091
    0.05293181
    0.02852421
    0.02689985
    0.31060218
   -0.64369673
    0.34940455
    0.33208337
   -0.66669813
    0.34166799
    0.34748130
   -0.67109370
    0.34286599
    0.35327994
   -0.69148907
    0.35304742
    0.35346551
   -0.68955854
    0.34484947
    0.35140267
   -0.69107671
    0.35688397
    0.34759057
   -0.69726170
    0.35726731
    0.36018867
