           1           2  0.993883686145556     
           2           3   1.00705464554287     
           3           4   1.00994883482627     
           4           5  0.924574327669202     
           5           6   1.49891205984975     
           5           7   1.47641422609827     
           6           7  0.210208689888954     
           1           8  0.849902375441215     
           1           9  0.848875399887749     
           2          10  0.969101378259308     
           2          11  0.969387137910137     
           3          12  0.974917339076767     
           3          13  0.973515988455905     
           4          14  0.966696665428106     
           4          15  0.970256337535968     
           1          16  0.803875315932294     
          17          18  0.826761710334073     
          17          19  0.854060730509648     
          20          21  0.875166897532064     
          20          22  0.817720030069022     
          23          24  0.874159743249259     
          23          25  0.813917700173746     
          26          27  0.833981305359438     
          26          28  0.871391892747672     
          29          30  0.840714224109294     
          29          31  0.873125514364247     
          32          33  0.869119062568097     
          32          34  0.835833127537965     
          35          36  0.869294215097162     
          35          37  0.866616180438953     
