   -0.12149401
    0.36838780
   -0.62218897
   -0.62226498
   -0.01220484
   -0.18788471
    0.08041531
    0.07527241
    0.07532130
    0.09924597
    0.30041977
    0.30534392
    0.29173988
   -0.66387340
    0.36111865
    0.32781848
   -0.68778699
    0.31523313
    0.32425682
   -0.67659467
    0.35079367
    0.31410906
   -0.68651570
    0.33138215
    0.34728876
   -0.69353603
    0.31908254
    0.35623251
   -0.67730390
    0.31865868
    0.35113082
   -0.66248922
    0.33680410
    0.36408169
