           1           2  0.947007310963655     
           2           3   1.48084824681117     
           2           4   1.45498861273431     
           3           4  0.197002898684270     
           1           5  0.997174612037168     
           5           6  0.984255408664246     
           1           7  0.960395759600126     
           1           8  0.968472512002416     
           5           9  0.972417305245807     
           5          10  0.966406600853802     
           6          11  0.827134105218936     
           6          12  0.810147883601593     
           6          13  0.901189057224008     
          14          15  0.864970133706977     
          14          16  0.852771712156705     
          17          18  0.862987441111270     
          17          19  0.864664884335025     
          20          21  0.871943039749281     
          20          22  0.846914761322965     
          23          24  0.840011826198137     
          23          25  0.872021934857181     
          26          27  0.843886383382913     
          26          28  0.871131662659687     
          29          30  0.839787895377317     
          29          31  0.871911684126073     
          32          33  0.849517835776068     
          32          34  0.863529179295332     
