   -0.18734431
   -0.01999158
   -0.06993214
   -0.09892028
    0.36158992
   -0.64879977
   -0.64914145
    0.29119841
    0.28822086
    0.08750960
    0.08345610
    0.04613446
    0.07085170
    0.03386169
    0.02245529
    0.30577045
   -0.67394799
    0.33709850
    0.34738209
   -0.64380121
    0.31944836
    0.33343008
   -0.69638861
    0.36419733
    0.35685915
   -0.68662575
    0.33595644
    0.31239837
   -0.69427597
    0.35711651
    0.34753464
   -0.68398723
    0.36114327
    0.36084605
   -0.63971029
    0.33014826
    0.33825907
