           1           2  0.989091071072558     
           2           3   1.01023800799321     
           3           4  0.992870057552093     
           4           5  0.938658163686661     
           5           6   1.43429244051696     
           5           7   1.52265184686102     
           6           7  0.206723358564379     
           1           8  0.836984693899146     
           1           9  0.852258748980892     
           2          10  0.968149137079159     
           2          11  0.965653764582937     
           3          12  0.977333190271696     
           3          13  0.970391963294491     
           4          14  0.973814929157331     
           4          15  0.979293780719533     
           1          16  0.825414870164261     
          17          18  0.882397988372461     
          17          19  0.825600790603097     
          20          21  0.871392250505922     
          20          22  0.879998722475490     
          23          24  0.863790443689469     
          23          25  0.870127577891314     
          26          27  0.884961084686385     
          26          28  0.844575718698417     
          29          30  0.869438274360837     
          29          31  0.837809133948503     
          32          33  0.865983427750631     
          32          34  0.867237262000346     
          35          36  0.851669468070050     
          35          37  0.844107186923536     
