   -0.19970780
   -0.02316126
   -0.07308857
   -0.10173016
    0.36175005
   -0.65538478
   -0.60436242
    0.28420610
    0.27338444
    0.10885011
    0.07842225
    0.05903666
    0.05696095
    0.04251327
    0.02375143
    0.30019046
   -0.68371247
    0.33957273
    0.34375325
   -0.67293570
    0.35222254
    0.35438784
   -0.66593144
    0.35620718
    0.34989846
   -0.67785058
    0.34562111
    0.34782590
   -0.71509870
    0.36249942
    0.35259924
   -0.68107238
    0.35210098
    0.35093288
   -0.69805060
    0.34776311
    0.30763650
