           1           2  0.986584029168301     
           2           3   1.01139385776959     
           3           4   1.00183247893468     
           4           5  0.940547355611366     
           5           6   1.47381073517264     
           5           7   1.47956135667158     
           6           7  0.201448951129512     
           1           8  0.848344696484369     
           1           9  0.835356627640457     
           2          10  0.963787218863288     
           2          11  0.970135613475936     
           3          12  0.972926604482839     
           3          13  0.973384172432531     
           4          14  0.958245863803562     
           4          15  0.978720379796402     
           1          16  0.811250366178404     
          17          18  0.838788154346879     
          17          19  0.877773552749944     
          20          21  0.856066161924302     
          20          22  0.867975790585943     
          23          24  0.836091356045510     
          23          25  0.870735141583486     
          26          27  0.848652383212477     
          26          28  0.835874045072959     
          29          30  0.868520031152112     
          29          31  0.875599640155018     
          32          33  0.869524851749712     
          32          34  0.843158574661393     
          35          36  0.878863158519736     
          35          37  0.848394417356627     
