   -0.11968662
    0.36616517
   -0.66969222
   -0.62702604
   -0.01499310
   -0.17571700
    0.07346840
    0.07592047
    0.08474174
    0.08517374
    0.30197626
    0.30390519
    0.29894513
   -0.71858137
    0.36088807
    0.35769328
   -0.68906539
    0.35082354
    0.30351249
   -0.68720442
    0.34968634
    0.30264523
   -0.71276103
    0.35460513
    0.35815583
   -0.67948639
    0.35868623
    0.36634559
   -0.67433339
    0.36057616
    0.35463291
   -0.71389204
    0.35977390
    0.35411822
