           1           2  0.939516363456796     
           2           3   1.39830653509408     
           2           4   1.54389858158837     
           3           4  0.192951252346849     
           1           5   1.01551062807961     
           5           6  0.981934780649388     
           1           7  0.958622308548480     
           1           8  0.956889888093699     
           5           9  0.970041556939279     
           5          10  0.970411465224804     
           6          11  0.839062081403269     
           6          12  0.832070139997486     
           6          13  0.897556727823108     
          14          15  0.869644409536762     
          14          16  0.871940475598678     
          17          18  0.876362355853739     
          17          19  0.858545311385629     
          20          21  0.877450728638287     
          20          22  0.858725157802271     
          23          24  0.874162738769482     
          23          25  0.871631945217401     
          26          27  0.866924754626910     
          26          28  0.862097943007509     
          29          30  0.866056527490689     
          29          31  0.870096653861631     
          32          33  0.870420058420303     
          32          34  0.874457724118560     
