    0.08798807
   -0.01882622
    0.30767735
    0.10174167
   -0.18713689
    0.04183953
   -0.11508127
   -0.63405360
    0.36330202
    0.27927121
   -0.66283862
    0.28129574
    0.05438587
   -0.66063449
    0.34931670
    0.33432547
   -0.67811007
    0.35773204
    0.34906277
   -0.68381986
    0.33361352
    0.34266102
   -0.66028788
    0.36262612
    0.35238731
   -0.69336444
    0.34835199
    0.34850729
   -0.68356209
    0.35791334
    0.33045841
   -0.69030425
    0.34185624
    0.34170601
