           1           2  0.966807243768078     
           2           4  0.966769966236359     
           2           5  0.984650955958959     
           3           5  0.806297707880568     
           2           7   1.01015574796372     
           6           7  0.975413114851695     
           7           9  0.929387758555302     
           8           9   1.45999512749114     
           5          10  0.849230078976053     
           8          11  0.207848666057845     
           9          11   1.51197317725247     
           5          12  0.865724546131310     
           7          13  0.960207257474091     
          14          15  0.817719822774881     
          14          16  0.838127276190385     
          17          18  0.868364989856918     
          17          19  0.876276747539987     
          20          21  0.853359852514042     
          20          22  0.836090214856516     
          23          24  0.865523549708115     
          23          25  0.871751368291835     
          26          27  0.836357331056934     
          26          28  0.875199155357864     
          29          30  0.868698743279048     
          29          31  0.853550689158727     
          32          33  0.879207331348336     
          32          34  0.815907359570447     
