   -0.12143763
    0.36749639
   -0.63490344
   -0.63639476
   -0.01435560
   -0.19251729
    0.05949329
    0.09706134
    0.09442767
    0.07369074
    0.32180281
    0.28784928
    0.29402812
   -0.69392306
    0.36112150
    0.35991260
   -0.69659235
    0.31297490
    0.35242281
   -0.68231906
    0.35391435
    0.31337699
   -0.66136120
    0.33070960
    0.32680585
   -0.68121789
    0.35251650
    0.32135834
   -0.67847244
    0.36102067
    0.31183719
   -0.64196182
    0.34164267
    0.33999294
