           1           2  0.941210981849180     
           2           3   1.48817113023178     
           2           4   1.44615880266612     
           3           4  0.192817426010423     
           1           5   1.00795605922321     
           5           6  0.982328319465407     
           1           7  0.975117765831883     
           1           8  0.943573628132653     
           5           9  0.966682973753262     
           5          10  0.973022592809490     
           6          11  0.741502881093357     
           6          12  0.902753529662951     
           6          13  0.900122606615988     
          14          15  0.867144624337132     
          14          16  0.867818919804313     
          17          18  0.858395726881764     
          17          19  0.875634554299103     
          20          21  0.870309915534483     
          20          22  0.840628077156572     
          23          24  0.854281828777446     
          23          25  0.856423527140161     
          26          27  0.872879853512147     
          26          28  0.852319709392217     
          29          30  0.866472238527739     
          29          31  0.857460112897532     
          11          32  0.142985084761158     
          32          33  0.842633445322366     
          32          34  0.825905396647652     
