   -0.18207425
   -0.02007538
   -0.07336698
   -0.10650319
    0.36615299
   -0.63528748
   -0.62973199
    0.29881641
    0.30188969
    0.09602649
    0.06995726
    0.05849228
    0.06654483
    0.06172053
    0.02667117
    0.27882965
   -0.65458957
    0.33606567
    0.35658396
   -0.67233692
    0.34553664
    0.32127044
   -0.68078613
    0.34586916
    0.34773432
   -0.72734675
    0.36463914
    0.36270761
   -0.68711637
    0.34773719
    0.30778345
   -0.68886461
    0.34697832
    0.31178590
   -0.66660058
    0.36151453
    0.34337260
