           1           2  0.988578483066780     
           2           3   1.00880747577749     
           3           4  0.988806239018506     
           4           5  0.948095047956494     
           5           6   1.51038729969642     
           5           7   1.41784120141980     
           6           7  0.191282851411078     
           1           8  0.844137443320271     
           1           9  0.816740951989681     
           2          10  0.968809210345681     
           2          11  0.972246812529490     
           3          12  0.972087976891314     
           3          13  0.973734317203845     
           4          14  0.970642342119799     
           4          15  0.975361604045944     
           1          16  0.856605461862377     
          17          18  0.875770750474980     
          17          19  0.849043045638407     
          20          21  0.873056064025224     
          20          22  0.851996974274257     
          23          24  0.843534853341627     
          23          25  0.873954693338414     
          26          27  0.866811523113047     
          26          28  0.868214839925680     
          29          30  0.877908907816819     
          29          31  0.859170703867993     
          32          33  0.845826482285236     
          32          34  0.872563981124526     
          35          36  0.860845252968139     
          35          37  0.845437582758104     
