   -0.18779088
   -0.01721529
   -0.06922821
   -0.11129735
    0.36169782
   -0.66133222
   -0.63646852
    0.29344733
    0.29876412
    0.09337464
    0.06108474
    0.03832884
    0.06864751
    0.07082751
    0.01792061
    0.28165354
   -0.68665928
    0.34310267
    0.34256156
   -0.67166805
    0.34405627
    0.32896658
   -0.67546305
    0.34297505
    0.34341018
   -0.69345884
    0.35029649
    0.34610075
   -0.66657579
    0.33884454
    0.35458589
   -0.65244837
    0.33949272
    0.34541234
   -0.69186256
    0.35809598
    0.35782075
