   -0.11595667
    0.36513592
   -0.64679754
   -0.63665648
   -0.01848141
   -0.18506757
    0.06473912
    0.05374279
    0.08721786
    0.10449299
    0.27828978
    0.29419572
    0.31327874
   -0.67559678
    0.32220696
    0.34276744
   -0.66368864
    0.34554890
    0.35962345
   -0.67788073
    0.34889132
    0.33673377
   -0.66066425
    0.31864340
    0.33667686
   -0.68339395
    0.34937980
    0.32843897
   -0.69329421
    0.32369803
    0.33693034
   -0.68058780
    0.36062897
    0.36680491
