           1           2  0.935418225953882     
           2           3   1.52609568271047     
           2           4   1.42641727021030     
           3           4  0.203394537647250     
           1           5   1.01583919405880     
           5           6  0.983001983686280     
           1           7  0.960320692643776     
           1           8  0.963787596089081     
           5           9  0.969797393026045     
           5          10  0.962729356944977     
           6          11  0.908212790185483     
           6          12  0.837246761101253     
           6          13  0.795332535514465     
          14          15  0.828891768328336     
          14          16  0.875028406690196     
          17          18  0.837173370869963     
          17          19  0.866718567471932     
          20          21  0.875972954257285     
          20          22  0.848287352487484     
          23          24  0.853191158767661     
          23          25  0.835797150487649     
          26          27  0.873100951458930     
          26          28  0.839049941353138     
          29          30  0.875157386387711     
          29          31  0.855300466842913     
          32          33  0.867143061386214     
          32          34  0.862677539121746     
