    0.06782769
   -0.01804663
    0.28649064
    0.11373505
   -0.20081592
    0.04564921
   -0.11994258
   -0.63539438
    0.36310223
    0.28757594
   -0.65663883
    0.30776220
    0.07856741
   -0.64514327
    0.32949672
    0.34999890
   -0.68376520
    0.35621222
    0.33510185
   -0.68736948
    0.35212911
    0.36295651
   -0.69916544
    0.36016363
    0.36030851
   -0.65756423
    0.32947145
    0.32061085
   -0.71408121
    0.34774532
    0.33940122
   -0.70407686
    0.36131492
    0.36638245
