           1           2  0.974877452583150     
           2           4  0.960226855617776     
           2           5  0.980445591611497     
           3           5  0.905503599909682     
           2           7   1.00964137182592     
           6           7  0.975245909559687     
           7           9  0.934617751012717     
           8           9   1.44396762479916     
           5          10  0.825224098027004     
           8          11  0.205195279154157     
           9          11   1.52036814665811     
           5          12  0.796957592175860     
           7          13  0.952534991043517     
          14          15  0.852426117258178     
          14          16  0.816577451704318     
          17          18  0.870920078109059     
          17          19  0.852448961215450     
          20          21  0.873415641272741     
          20          22  0.865302397888564     
          23          24  0.868338904206117     
          23          25  0.868239375260039     
          26          27  0.845699771390466     
          26          28  0.863225389160321     
          29          30  0.878872641674513     
          29          31  0.846567307642671     
          32          33  0.866687737455498     
          32          34  0.863293950576559     
