   -0.18284581
   -0.02188662
   -0.07362991
   -0.10880797
    0.36864661
   -0.63286929
   -0.62689308
    0.29938502
    0.28276715
    0.09160120
    0.07745061
    0.06195703
    0.07134593
    0.07580420
    0.04507187
    0.29043540
   -0.69357032
    0.31055777
    0.36143415
   -0.66544317
    0.35566389
    0.33580228
   -0.68072847
    0.34158365
    0.31303638
   -0.67439450
    0.36767972
    0.35212983
   -0.67201802
    0.34101904
    0.36200067
   -0.67547799
    0.34416344
    0.31042618
   -0.69030422
    0.34337992
    0.33454944
   -0.65375583
    0.34434201
    0.31032651
   -0.68294162
    0.35049196
    0.31156039
   -0.66041602
    0.32817007
    0.31320052
