           1           2  0.988060642417930     
           2           3   1.01145303372535     
           3           4  0.989023518905840     
           4           5  0.966239671721901     
           5           6   1.44512761936746     
           5           7   1.44182713990612     
           6           7  0.179859272581122     
           1           8  0.822275149137624     
           1           9  0.862922892186615     
           2          10  0.969137416615195     
           2          11  0.968357446244596     
           3          12  0.967559754859878     
           3          13  0.969699567360115     
           4          14  0.968409435794022     
           4          15  0.959201496752526     
           1          16  0.831514528571130     
          17          18  0.871348211970556     
          17          19  0.869301212766260     
          20          21  0.867404096545474     
          20          22  0.849261380307053     
          23          24  0.880018115589174     
          23          25  0.864431068661818     
          26          27  0.861511739084885     
          26          28  0.871938214062216     
          29          30  0.845782727326945     
          29          31  0.865945668256871     
          32          33  0.879857031960274     
          32          34  0.864407277005640     
          35          36  0.880806234055796     
          35          37  0.863500048471856     
          38          39  0.845863660769781     
          38          40  0.863091909287456     
          41          42  0.874411343753754     
          41          43  0.850925072422797     
          44          45  0.860746289691242     
          44          46  0.858708590364935     
