   -0.12316098
    0.36797648
   -0.63257466
   -0.62884237
   -0.02015879
   -0.18419464
    0.06298278
    0.08831026
    0.10342809
    0.08431913
    0.31927815
    0.29337520
    0.30198990
   -0.70705360
    0.35623566
    0.32305717
   -0.66577228
    0.34070750
    0.36204672
   -0.68748147
    0.35727007
    0.33085900
   -0.71729536
    0.35813941
    0.35915591
   -0.68124966
    0.35263409
    0.32267124
   -0.66211634
    0.32697443
    0.31485898
   -0.68060734
    0.31477175
    0.34946557
