           1           2  0.938779568853148     
           2           3   1.49211074813307     
           2           4   1.45310587080642     
           3           4  0.198415808120098     
           1           5   1.00762845117792     
           5           6  0.978126033638039     
           1           7  0.975046617839202     
           1           8  0.950542651347538     
           5           9  0.962021119318111     
           5          10  0.972120416561409     
           6          11  0.781786832257494     
           6          12  0.900170347930552     
           6          13  0.895859577260603     
          14          15  0.872988258785085     
          14          16  0.857033629673931     
          11          17  0.102873442329499     
          17          18  0.825797675152720     
          17          19  0.863639110341879     
          20          21  0.869556000497288     
          20          22  0.854576907984194     
          23          24  0.871603696281147     
          23          25  0.870876769112829     
          26          27  0.870980144179745     
          26          28  0.851538830545553     
          29          30  0.851908626216635     
          29          31  0.848040351033425     
          32          33  0.838151872180383     
          32          34  0.875411533110034     
