   -0.17614349
   -0.03738295
   -0.06932032
   -0.10312639
    0.36159021
   -0.62783607
   -0.66509229
    0.28623822
    0.28381927
    0.11036830
    0.11175254
    0.04563489
    0.05276615
    0.04847828
    0.04927064
    0.32293355
   -0.69938702
    0.34921257
    0.35488369
   -0.68239493
    0.35665240
    0.33841853
   -0.71692907
    0.35523837
    0.36169071
   -0.66256851
    0.34590173
    0.36001754
   -0.69138178
    0.30420471
    0.34681205
   -0.66957976
    0.34777501
    0.35286409
   -0.68874883
    0.33119962
    0.31216833
