           1           2  0.977758755424488     
           2           3   1.00910665831126     
           3           4   1.00689706676249     
           4           5  0.945304554196639     
           5           6   1.53402868485755     
           5           7   1.41005682646363     
           6           7  0.199244185556307     
           1           8  0.902970077586216     
           1           9  0.904981542277269     
           2          10  0.959384690183768     
           2          11  0.958627898060243     
           3          12  0.975623329339469     
           3          13  0.972656431560146     
           4          14  0.956903231074381     
           4          15  0.969743488255726     
           1          16  0.774398632308657     
          17          18  0.876634846291198     
          17          19  0.873053624305180     
          20          21  0.869695117258022     
          20          22  0.847285711097818     
          23          24  0.873630035577768     
          23          25  0.869004615681001     
          16          26  0.109608796735077     
          26          27  0.825394526317150     
          26          28  0.866112646240501     
          29          30  0.851803047524473     
          29          31  0.879003784763209     
          32          33  0.876710815033188     
          32          34  0.871905347253389     
          35          36  0.888600739697837     
          35          37  0.843621623096013     
