   -0.17647958
   -0.03037241
   -0.06942010
   -0.10096317
    0.36051175
   -0.65768663
   -0.68203551
    0.27475201
    0.28886883
    0.10958456
    0.08408071
    0.03910755
    0.06023457
    0.03498644
    0.01839854
    0.31888527
   -0.69635402
    0.36068358
    0.35625012
   -0.69633110
    0.33978802
    0.34676105
   -0.69305038
    0.34978200
    0.34648395
   -0.66457080
    0.34398560
    0.31546705
   -0.65881754
    0.35118166
    0.34235848
   -0.67232523
    0.35149587
    0.34773631
   -0.65251538
    0.36671406
    0.34282388
