           1           2  0.989486471071414     
           2           3   1.00727356701949     
           3           4   1.00666136598251     
           4           5  0.925031497099009     
           5           6   1.49112533831294     
           5           7   1.48416614813082     
           6           7  0.209626808746007     
           1           8  0.892318973165629     
           1           9  0.851819627169505     
           2          10  0.958730496453752     
           2          11  0.970933689331984     
           3          12  0.977165418919283     
           3          13  0.968447608391094     
           4          14  0.961980903695847     
           4          15  0.979661157533643     
           1          16  0.785142739184211     
          17          18  0.867533182519897     
          17          19  0.870803327386134     
          20          21  0.880805047909714     
          20          22  0.821737623639461     
          23          24  0.874875154037892     
          23          25  0.865215845830724     
          26          27  0.837165711106756     
          26          28  0.867251459305993     
          29          30  0.847741749344280     
          29          31  0.835505309105378     
          32          33  0.870207400692902     
          32          34  0.846251587806380     
          35          36  0.860787858938354     
          35          37  0.878486385590891     
