    0.08219288
   -0.01543961
    0.30078252
    0.10539115
   -0.19029859
    0.06424330
   -0.11985977
   -0.62305741
    0.36455052
    0.27658819
   -0.65525248
    0.29207819
    0.06206122
   -0.66217405
    0.35879451
    0.34731163
   -0.69087466
    0.31389712
    0.35304709
   -0.68486457
    0.34614307
    0.35182013
   -0.68859601
    0.34790006
    0.35412346
   -0.67213126
    0.35214906
    0.32276773
   -0.67692359
    0.35761960
    0.33108366
   -0.68141028
    0.35712037
    0.31921682
