           1           2  0.971013341614421     
           2           4  0.965328006494959     
           2           5  0.984295478361252     
           3           5  0.825183112418317     
           2           7   1.00921300324958     
           6           7  0.967408566392083     
           7           9  0.939949042595304     
           8           9   1.48832974574595     
           5          10  0.858590557509535     
           8          11  0.199901290144940     
           9          11   1.46433710408362     
           5          12  0.834981843988698     
           7          13  0.957009119111908     
          14          15  0.864652506248286     
          14          16  0.829284120439123     
          17          18  0.833466263909253     
          17          19  0.870233643034257     
          20          21  0.828573182463979     
          20          22  0.871756872242966     
          23          24  0.843948076510344     
          23          25  0.872086576058066     
          26          27  0.873789428559585     
          26          28  0.862933426673101     
          29          30  0.867818456454996     
          29          31  0.854773813480321     
          32          33  0.869141398879700     
          32          34  0.859412489625294     
