   -0.12376592
    0.36172137
   -0.68048368
   -0.66542294
   -0.01275147
   -0.17975904
    0.07332489
    0.05358096
    0.07484646
    0.07707812
    0.29579510
    0.30354308
    0.29392686
   -0.64393684
    0.35725711
    0.33235989
   -0.68618417
    0.34739809
    0.35590748
   -0.66614796
    0.35731128
    0.35969221
   -0.68635249
    0.34471558
    0.34605057
   -0.68189725
    0.34082257
    0.34434166
   -0.66872823
    0.31899952
    0.34753070
   -0.68635550
    0.34694696
    0.34863501
