           1           2  0.925375171948709     
           2           3   1.48025555017741     
           2           4   1.49268137244986     
           3           4  0.209965153347129     
           1           5   1.01554259316860     
           5           6  0.989026724912268     
           1           7  0.955160993196206     
           1           8  0.964979233560816     
           5           9  0.971477155483512     
           5          10  0.970573579327044     
           6          11  0.849305072945771     
           6          12  0.818235181106776     
           6          13  0.855559877741781     
          14          15  0.827224028154824     
          14          16  0.868954757298440     
          17          18  0.869912779352910     
          17          19  0.801138330342400     
          20          21  0.868597018036412     
          20          22  0.866775361969189     
          23          24  0.876727576698706     
          23          25  0.841841232821360     
          26          27  0.854488333985495     
          26          28  0.836844252462749     
          29          30  0.893826866795960     
          29          31  0.857365083055143     
          32          33  0.829683520493217     
          32          34  0.872726067691876     
