   -0.12036680
    0.36442730
   -0.66729434
   -0.64109157
   -0.01719565
   -0.17479959
    0.06634394
    0.07056019
    0.09266106
    0.08058992
    0.29787842
    0.28793749
    0.29526593
   -0.67442147
    0.36844724
    0.36461048
   -0.67571017
    0.35176354
    0.32680772
   -0.68143562
    0.34525625
    0.34310682
   -0.65232980
    0.32963988
    0.36387298
   -0.68768203
    0.31264766
    0.34675786
   -0.70617599
    0.32825129
    0.33140049
   -0.68275617
    0.35454503
    0.35848772
