           1           2  0.935827154477431     
           2           3   1.43166542955543     
           2           4   1.52447987996090     
           3           4  0.201718295787519     
           1           5   1.01507120369558     
           5           6  0.984951176924695     
           1           7  0.956102986662048     
           1           8  0.961788920421440     
           5           9  0.965708761236509     
           5          10  0.969501009618800     
           6          11  0.829673266432676     
           6          12  0.861400481569148     
           6          13  0.848632893978762     
          14          15  0.860962863794648     
          14          16  0.862528309558022     
          17          18  0.872954563334602     
          17          19  0.848017411843466     
          20          21  0.877522622649044     
          20          22  0.850662134678853     
          23          24  0.843680998139734     
          23          25  0.863018310116531     
          26          27  0.824675501173614     
          26          28  0.874688077257110     
          29          30  0.857487785433623     
          29          31  0.858660047675591     
          32          33  0.870051902104989     
          32          34  0.867603833152010     
