    0.08670384
   -0.01976459
    0.28728610
    0.09175551
   -0.18394284
    0.07979765
   -0.12083668
   -0.60621916
    0.36846937
    0.29096205
   -0.66380229
    0.30586228
    0.07733617
   -0.69240845
    0.30969085
    0.34182758
   -0.68712156
    0.31557985
    0.36221009
   -0.68090362
    0.34037854
    0.34874698
   -0.66012853
    0.33402182
    0.35475793
   -0.64173883
    0.33889905
    0.32590362
   -0.64812333
    0.35237710
    0.31624005
   -0.69562375
    0.35085539
    0.32095181
