   -0.18323455
   -0.02654507
   -0.06989152
   -0.10080180
    0.36096982
   -0.64636616
   -0.67687574
    0.26932180
    0.30022986
    0.10091463
    0.08658186
    0.04752737
    0.05582855
    0.04160323
    0.02093370
    0.31481683
   -0.66204089
    0.34358900
    0.31695388
   -0.67910928
    0.35134564
    0.35333248
   -0.64684661
    0.34810616
    0.33577237
   -0.69227728
    0.34479609
    0.34733913
   -0.68333952
    0.34323304
    0.35293110
   -0.67390473
    0.35127983
    0.35085635
   -0.70114369
    0.35590182
    0.34821228
