           1           2  0.984983997447383     
           2           3   1.01013785028275     
           3           4   1.00890967772886     
           4           5  0.932273437360999     
           5           6   1.46358935773128     
           5           7   1.49567816003008     
           6           7  0.204823092684699     
           1           8  0.909349054742026     
           1           9  0.837926268738938     
           2          10  0.964685004723032     
           2          11  0.964585577854534     
           3          12  0.971983166290936     
           3          13  0.976021522772046     
           4          14  0.963730889163244     
           4          15  0.968566879304587     
           1          16  0.785573644577599     
          17          18  0.878319583188148     
          17          19  0.861370723702738     
          20          21  0.868955826324944     
          20          22  0.840833748405171     
          16          23  0.101724706175190     
          23          24  0.818101397362027     
          23          25  0.850306655226612     
          26          27  0.877498999666081     
          26          28  0.820206244524855     
          29          30  0.874567634824866     
          29          31  0.834971434139070     
          32          33  0.844054929465111     
          32          34  0.871688487941720     
          35          36  0.872532551429879     
          35          37  0.878143648050036     
