   -0.18664469
   -0.02795761
   -0.07460312
   -0.10876582
    0.36570075
   -0.65924489
   -0.60436248
    0.27739135
    0.28480977
    0.09344751
    0.10241798
    0.05722000
    0.05642499
    0.07282241
    0.03213304
    0.30617379
   -0.64651923
    0.34856337
    0.31588335
   -0.67208427
    0.35847404
    0.33414733
   -0.67003685
    0.32835958
    0.35622199
   -0.64714920
    0.33857694
    0.34288040
   -0.68356803
    0.32246845
    0.33077669
   -0.68884299
    0.35206025
    0.31998726
   -0.71592981
    0.35186706
    0.33690069
