    0.08119137
   -0.02211032
    0.30792112
    0.12058763
   -0.18486292
    0.04612938
   -0.11717395
   -0.63480637
    0.36242243
    0.28314643
   -0.65781447
    0.28452106
    0.05674657
   -0.67447141
    0.35183785
    0.34944980
   -0.70035295
    0.35292777
    0.34774276
   -0.68297430
    0.34794405
    0.34258045
   -0.67294339
    0.35108838
    0.33581151
   -0.67635358
    0.34524669
    0.33828655
   -0.68373816
    0.34072692
    0.34230485
   -0.67946097
    0.35020815
    0.34824108
