           1           2  0.972261748355277     
           2           4  0.954879925856249     
           2           5  0.981350309670418     
           3           5  0.817567661317741     
           2           7   1.00908642707414     
           6           7  0.975160775193207     
           7           9  0.931758527258880     
           8           9   1.44819324387443     
           5          10  0.832747074575264     
           8          11  0.206365345761980     
           9          11   1.51943789596931     
           5          12  0.887951718959548     
           7          13  0.960100418425585     
          14          15  0.854119058882434     
          14          16  0.873007379976123     
          17          18  0.871837317294680     
          17          19  0.838805010035995     
          20          21  0.872232170130533     
          20          22  0.838504112482914     
          23          24  0.799969081687254     
          23          25  0.868091383470483     
          26          27  0.875688935048908     
          26          28  0.844806785103153     
          29          30  0.843508671131107     
          29          31  0.842713976824105     
          32          33  0.807496521185353     
          32          34  0.870797549088379     
