   -0.12015162
    0.36437388
   -0.67026731
   -0.65756043
   -0.02104198
   -0.16988425
    0.04728062
    0.07302146
    0.10770869
    0.08403450
    0.29726443
    0.28108106
    0.30593889
   -0.69031745
    0.35367878
    0.34337274
   -0.67947264
    0.33410407
    0.34668708
   -0.68150063
    0.31922364
    0.35438346
   -0.67231711
    0.37144645
    0.36809634
   -0.67212066
    0.36790850
    0.35706358
   -0.67251341
    0.33509580
    0.33883755
   -0.68118469
    0.30873222
    0.32899844
