           1           2  0.925309331497119     
           2           3   1.49291018203434     
           2           4   1.47408707486342     
           3           4  0.206761861325713     
           1           5   1.01711530976566     
           5           6  0.977526066501248     
           1           7  0.961285210868141     
           1           8  0.959775988763442     
           5           9  0.960073200741487     
           5          10  0.967892373411213     
           6          11  0.846379388637288     
           6          12  0.905069739642432     
           6          13  0.823441299461054     
          14          15  0.871251843218075     
          14          16  0.839070268333369     
          17          18  0.842373114488993     
          17          19  0.877518249696690     
          20          21  0.850778168238739     
          20          22  0.871251132505172     
          23          24  0.857598085696463     
          23          25  0.861514934835384     
          26          27  0.861555445126148     
          26          28  0.870330322476760     
          29          30  0.885226233116201     
          29          31  0.840445927198730     
          32          33  0.873483130635956     
          32          34  0.859554245110081     
