   -0.18530247
   -0.02837625
   -0.08568963
   -0.10621629
    0.36427083
   -0.63725047
   -0.59034087
    0.29430865
    0.28477691
    0.10314214
    0.09135055
    0.08356784
    0.08638487
    0.04786094
    0.04769896
    0.30338403
   -0.69676492
    0.33737399
    0.35461237
   -0.67607642
    0.34287106
    0.33986496
   -0.66152846
    0.31863926
    0.32978965
   -0.68725114
    0.34070913
    0.34029007
   -0.67929222
    0.34531579
    0.33149408
   -0.68195423
    0.31492555
    0.35298868
   -0.69511660
    0.31582639
    0.33971327
