           1           2  0.969277453551563     
           2           3   1.01340441623284     
           3           4  0.998818876797109     
           4           5  0.954226113335731     
           5           6   1.45847104342666     
           5           7   1.46843184471209     
           6           7  0.190120093168762     
           1           8  0.900341459903524     
           1           9  0.904135529059055     
           2          10  0.968594530157870     
           2          11  0.968284083294354     
           3          12  0.964717972376504     
           3          13  0.959958938807970     
           4          14  0.955171987545093     
           4          15  0.975002856897503     
           1          16  0.779101867372483     
           7          16  0.111525293111335     
          17          18  0.830900974420682     
          17          19  0.870483404450046     
          20          21  0.831896753166728     
          20          22  0.882228890928560     
          23          24  0.859780438125873     
          23          25  0.845270546475549     
          26          27  0.824859856870510     
          26          28  0.880535783897700     
          29          30  0.877558744841220     
          29          31  0.828768744008611     
          32          33  0.843819443303560     
          32          34  0.871630762517076     
          35          36  0.848583625538374     
          35          37  0.883352530188518     
