   -0.11831975
    0.36646474
   -0.66087328
   -0.63599689
   -0.01450097
   -0.18046329
    0.04986434
    0.07399684
    0.09244936
    0.08312685
    0.29504790
    0.28420947
    0.29167339
   -0.68320675
    0.34858841
    0.32380872
   -0.67043445
    0.32006641
    0.34997208
   -0.69640772
    0.34975726
    0.35088686
   -0.66192903
    0.35953302
    0.33414609
   -0.68624859
    0.36284531
    0.36108388
   -0.68307719
    0.35750645
    0.36692418
   -0.68285200
    0.34399391
    0.30836441
