           1           2  0.937154750193312     
           2           3   1.40393889417349     
           2           4   1.54091580597416     
           3           4  0.195219212404492     
           1           5   1.00116715258266     
           5           6  0.983676654071901     
           1           7  0.977795720621343     
           1           8  0.959161260646972     
           5           9  0.964310386074519     
           5          10  0.966745606840771     
           6          11  0.825802917250153     
           6          12  0.854379245702902     
           6          13  0.846675666234081     
          14          15  0.871599382119328     
          14          16  0.840444851377337     
          17          18  0.842612509134634     
          17          19  0.873273976702749     
          20          21  0.877016694164862     
          20          22  0.876207475237548     
          23          24  0.867637288706373     
          23          25  0.851482613844694     
          26          27  0.865496623658192     
          26          28  0.866544439027810     
          29          30  0.869509454032363     
          29          31  0.862535528263855     
          32          33  0.880660408504302     
          32          34  0.854481740355086     
