   -0.17395871
   -0.02835567
   -0.07561685
   -0.10060469
    0.36248964
   -0.65322905
   -0.66433494
    0.29566043
    0.29872314
    0.10355349
    0.08456325
    0.07652043
    0.05175148
    0.02526302
    0.03439639
    0.29801778
   -0.67062186
    0.34180734
    0.35124358
   -0.67811745
    0.31393081
    0.34955027
   -0.65965098
    0.34696542
    0.37084406
   -0.71718919
    0.33614643
    0.34571617
   -0.71342676
    0.35866159
    0.35476516
   -0.67521803
    0.34468963
    0.34363066
   -0.66009442
    0.35681247
    0.32471595
