           1           2  0.984722164046554     
           2           3   1.00805871393768     
           3           4   1.00423454746234     
           4           5  0.932557364015028     
           5           6   1.45258096931955     
           5           7   1.50707322401062     
           6           7  0.204203473873068     
           1           8  0.836982223003237     
           1           9  0.838221143354288     
           2          10  0.964433720135625     
           2          11  0.970192866749418     
           3          12  0.961172810642546     
           3          13  0.975937580672796     
           4          14  0.979938829170061     
           4          15  0.961085870454203     
           1          16  0.877332614366766     
          17          18  0.856690251283707     
          17          19  0.870431634916691     
          20          21  0.843382996292495     
          20          22  0.872744291430807     
          23          24  0.875098658721316     
          23          25  0.859133538974237     
          26          27  0.838090261880384     
          26          28  0.879961767251807     
          29          30  0.871298080824878     
          29          31  0.874088321400698     
          32          33  0.826155199683123     
          32          34  0.878278919041774     
          35          36  0.868415317149922     
          35          37  0.856673084149900     
