   -0.18677993
   -0.02781722
   -0.07593948
   -0.11432483
    0.36600398
   -0.65100981
   -0.62963399
    0.29125013
    0.29968550
    0.09186974
    0.08907016
    0.04105610
    0.07564323
    0.09889166
    0.05079115
    0.28431729
   -0.69166671
    0.30845549
    0.36233947
   -0.65580887
    0.33774653
    0.32410547
   -0.68367048
    0.31378896
    0.34932415
   -0.68569540
    0.36262334
    0.36168209
   -0.66819766
    0.33452175
    0.31044329
   -0.66556811
    0.35728659
    0.32901724
   -0.67255748
    0.34443683
    0.35923292
   -0.66815604
    0.31534270
    0.34480427
   -0.65678440
    0.31814816
    0.33640778
   -0.67514434
    0.34130627
    0.31665116
    0.34664437
    0.34256076
   -0.69669379
