           1           2  0.984126507794398     
           2           3   1.01106634180789     
           3           4   1.00842456360774     
           4           5  0.965500426897241     
           5           6   1.41962889893667     
           5           7   1.46286148436038     
           6           7  0.176611528563696     
           1           8  0.852026324839574     
           1           9  0.820328164969835     
           2          10  0.969682730533888     
           2          11  0.969382488512881     
           3          12  0.975503188135155     
           3          13  0.958500149530629     
           4          14  0.940618985635633     
           4          15  0.955200829830169     
           1          16  0.850851668534810     
          17          18  0.869554546895949     
          17          19  0.873994726088784     
          20          21  0.861569265735542     
          20          22  0.856402091938467     
          23          24  0.867620427486863     
          23          25  0.875678842999336     
          26          27  0.864609765490599     
          26          28  0.867834255121110     
          29          30  0.875055235967302     
          29          31  0.870661736665984     
          32          33  0.867959319144310     
          32          34  0.839623798927033     
          35          36  0.819813457104073     
          35          37  0.866726128589127     
          38          39  0.859217473721373     
          38          40  0.831651537977645     
          41          42  0.868446912741051     
          41          43  0.874128103985526     
          44          45  0.842379205938631     
          44          46  0.849346146098606     
          47          49  0.876056584197647     
          48          49  0.825659876266772     
