   -0.18347729
   -0.02406178
   -0.06805866
   -0.10964909
    0.36378614
   -0.64430523
   -0.65842571
    0.30852372
    0.28045354
    0.09140329
    0.09202577
    0.03986235
    0.06610164
    0.07103593
    0.02536402
    0.29683286
   -0.65499573
    0.32982810
    0.34036244
   -0.69248856
    0.33458875
    0.34741017
   -0.66767247
    0.33873032
    0.36229613
   -0.67425273
    0.33326223
    0.35567263
   -0.67580399
    0.35476634
    0.31638620
   -0.67960197
    0.33226865
    0.36344763
   -0.66953121
    0.34873992
    0.30917565
