           1           2  0.986228562347038     
           2           3   1.01029478767116     
           3           4  0.994117148759964     
           4           5  0.944296466364389     
           5           6   1.53676916316865     
           5           7   1.39699654239329     
           6           7  0.193245832138908     
           1           8  0.799693910290761     
           1           9  0.906513338216689     
           2          10  0.969736843638222     
           2          11  0.964675026348820     
           3          12  0.974455880044398     
           3          13  0.970547989751462     
           4          14  0.969039943129263     
           4          15  0.970786625727938     
           1          16  0.830681208063722     
          17          18  0.841715474322279     
          17          19  0.869783706291350     
          20          21  0.863395942411825     
          20          22  0.878557245875198     
          23          24  0.832992850281291     
          23          25  0.865335598030190     
          26          27  0.854773670351466     
          26          28  0.870856912600191     
          29          30  0.869252451601501     
          29          31  0.846577530639254     
          32          33  0.843024811115517     
          32          34  0.862600970775784     
          35          36  0.873194211136168     
          35          37  0.848994068326718     
