   -0.17989320
   -0.02891658
   -0.06897701
   -0.10430231
    0.36161897
   -0.63896805
   -0.67426341
    0.28067563
    0.29593428
    0.10915956
    0.08165576
    0.04643213
    0.05777284
    0.05535277
    0.03688778
    0.29510941
   -0.66755934
    0.31961385
    0.36098320
   -0.68316345
    0.35794781
    0.36383884
   -0.67964916
    0.32380119
    0.35457749
   -0.67455896
    0.33240278
    0.35955882
   -0.68349897
    0.35444587
    0.36436168
   -0.68844201
    0.31008489
    0.34887775
   -0.66663465
    0.32270038
    0.34503342
