           1           2  0.985098382099538     
           2           3   1.00867385753163     
           3           4   1.00959344630637     
           4           5  0.940952351265419     
           5           6   1.52767435594995     
           5           7   1.42193031594782     
           6           7  0.200095842875381     
           1           8  0.858958462781946     
           1           9  0.825046384582922     
           2          10  0.958684390325579     
           2          11  0.971428324490932     
           3          12  0.974947560726252     
           3          13  0.972301667053826     
           4          14  0.961043193930364     
           4          15  0.962741135755015     
           1          16  0.847978089592202     
          17          18  0.854798649104189     
          17          19  0.865576738308300     
          20          21  0.868430170307766     
          20          22  0.864545391116968     
          23          24  0.850107116427020     
          23          25  0.870345421324990     
          26          27  0.835515388253101     
          26          28  0.866824356965562     
          29          30  0.871644813690094     
          29          31  0.863901318174273     
          32          33  0.823467086727581     
          32          34  0.873071984770599     
          35          36  0.893005690926220     
          35          37  0.827608550293500     
