   -0.11468386
    0.36598685
   -0.65178759
   -0.64296842
   -0.01054158
   -0.18259767
    0.05615971
    0.05112838
    0.08619519
    0.08387697
    0.28747501
    0.28721057
    0.30219304
   -0.67513876
    0.31046541
    0.31605507
   -0.68813097
    0.36977164
    0.35446497
   -0.66648900
    0.30507232
    0.31805127
   -0.68450621
    0.35681769
    0.36559658
   -0.67332376
    0.34663596
    0.37151854
   -0.66802908
    0.33672716
    0.36561383
   -0.68554787
    0.34917301
    0.35755558
