           1           2  0.930208405395470     
           2           3   1.47201996440362     
           2           4   1.48484919311528     
           3           4  0.203333976234014     
           1           5   1.00097075619047     
           5           6  0.984342220576907     
           1           7  0.971009879813173     
           1           8  0.977336839427392     
           5           9  0.967458036563075     
           5          10  0.969729048423124     
           6          11  0.845318130712169     
           6          12  0.852552923187052     
           6          13  0.823910839317598     
          14          15  0.861570583686202     
          14          16  0.873943356458476     
          17          18  0.860262872768842     
          17          19  0.873010186535581     
          20          21  0.864964712923398     
          20          22  0.873552655646966     
          23          24  0.869857199774008     
          23          25  0.863431481550506     
          26          27  0.878110181905228     
          26          28  0.859215914431862     
          29          30  0.855910014335333     
          29          31  0.862471924418798     
          32          33  0.875275733980662     
          32          34  0.867460712235216     
