    0.10529919
   -0.02668241
    0.31279461
    0.11889026
   -0.18501472
    0.06354482
   -0.11551586
   -0.61076220
    0.36531960
    0.28168521
   -0.64477559
    0.28216754
    0.05772882
   -0.68652342
    0.35434785
    0.33722798
   -0.68046982
    0.34975498
    0.32196896
   -0.67594530
    0.31336012
    0.35209710
   -0.69418477
    0.33676070
    0.31618109
   -0.68020323
    0.33130944
    0.34912240
   -0.66811633
    0.34781108
    0.35467884
   -0.65758234
    0.32877789
    0.34494751
