           1           2  0.961014537527664     
           2           4  0.957063892170701     
           2           5  0.977006797427044     
           3           5  0.796015015845767     
           2           7   1.00353964675487     
           6           7  0.972309584655420     
           7           9  0.946646572476335     
           8           9   1.50460770498069     
           5          10  0.857603133092283     
           8          11  0.197621189204039     
           9          11   1.43711346534288     
           5          12  0.906153257641338     
           7          13  0.960080891400320     
          14          15  0.871244238015845     
          14          16  0.839020707567703     
          17          18  0.872227845216263     
          17          19  0.856840922053148     
          20          21  0.842377911411368     
          20          22  0.871618441348285     
          23          24  0.885637217261802     
          23          25  0.845732470342010     
          26          27  0.839143037030267     
          26          28  0.873041864819024     
          29          30  0.826228687684591     
          29          31  0.870348467366887     
          32          33  0.880850796173386     
          32          34  0.856834358084444     
