   -0.11708663
    0.36242532
   -0.67781575
   -0.65870021
   -0.01218312
   -0.18420779
    0.05018445
    0.05390850
    0.08072669
    0.07748784
    0.28933384
    0.29539373
    0.29493723
   -0.70739025
    0.33349785
    0.34417302
   -0.68040950
    0.34661376
    0.34747929
   -0.65951163
    0.36529611
    0.36288483
   -0.69251628
    0.34577186
    0.35395736
   -0.67480514
    0.34647576
    0.34726430
   -0.66793826
    0.34545451
    0.35106807
   -0.66951791
    0.35004153
    0.35770662
