           1           2  0.920843360928243     
           2           3   1.48509223343603     
           2           4   1.49422149673035     
           3           4  0.211213711590746     
           1           5   1.01634178456709     
           5           6  0.989325046134768     
           1           7  0.968550189655438     
           1           8  0.963294546067158     
           5           9  0.969647591780386     
           5          10  0.971546193996455     
           6          11  0.838003482571827     
           6          12  0.823422149415211     
           6          13  0.847243279442202     
          14          15  0.847576969409454     
          14          16  0.881303945532131     
          17          18  0.828054146112912     
          17          19  0.877424382925556     
          20          21  0.862440482898702     
          20          22  0.864092369468984     
          23          24  0.835562776800366     
          23          25  0.871369089411568     
          26          27  0.825173455967569     
          26          28  0.875760559747323     
          29          30  0.876669303433488     
          29          31  0.806796406812568     
          32          33  0.834031857164263     
          32          34  0.867985304025378     
