   -0.12232911
    0.36485365
   -0.66016654
   -0.61352138
   -0.01963250
   -0.18134397
    0.07316311
    0.09247139
    0.09548434
    0.08579126
    0.31751423
    0.29554233
    0.30157924
   -0.65498611
    0.34066417
    0.35830419
   -0.68445727
    0.31223825
    0.34956336
   -0.67256445
    0.33467192
    0.31709632
   -0.68522804
    0.32567331
    0.35554806
   -0.66100456
    0.34362501
    0.31912630
   -0.70360715
    0.35285434
    0.32307628
   -0.71528985
    0.35911117
    0.35617867
