           1           2  0.946507370603081     
           2           3   1.38553498463860     
           2           4   1.55383378596307     
           3           4  0.194790419651872     
           1           5   1.01488049229939     
           5           6  0.979333369879077     
           1           7  0.961340719971578     
           1           8  0.946850521383014     
           5           9  0.966717758806492     
           5          10  0.970924717250392     
           6          11  0.787523482995096     
           6          12  0.898353249942404     
           6          13  0.895919974332030     
          14          15  0.839616784084221     
          14          16  0.866748243274366     
          17          18  0.858684899529001     
          17          19  0.876397040618878     
          20          21  0.882730983306037     
          20          22  0.836101804222153     
          23          24  0.841468178362810     
          23          25  0.869455788222385     
          26          27  0.869099611009643     
          26          28  0.857831469611502     
          29          30  0.875383953012447     
          29          31  0.857090746032414     
          32          33  0.870917667757041     
          32          34  0.873020758129952     
