   -0.17558909
   -0.02900507
   -0.07456709
   -0.10122292
    0.36187168
   -0.65369017
   -0.67091741
    0.28713997
    0.29231679
    0.10537685
    0.08636572
    0.06726009
    0.05482363
    0.03468183
    0.03355607
    0.30733492
   -0.67200074
    0.34175633
    0.35148681
   -0.69758535
    0.36211263
    0.35613360
   -0.66372310
    0.32241397
    0.35390091
   -0.67363741
    0.35200743
    0.31418511
   -0.67877685
    0.34203517
    0.33933468
   -0.66242112
    0.35357998
    0.32447249
   -0.68587263
    0.33945227
    0.35541002
