           1           2  0.984811724522325     
           2           3   1.00796039208771     
           3           4   1.01001619850926     
           4           5  0.933038986678259     
           5           6   1.45773495386804     
           5           7   1.49866748564225     
           6           7  0.203368585924155     
           1           8  0.869758752309902     
           1           9  0.868454778295287     
           2          10  0.960300532335431     
           2          11  0.970080660247354     
           3          12  0.965397205929932     
           3          13  0.974484374603239     
           4          14  0.970693333499256     
           4          15  0.962345637408320     
           1          16  0.811166725418134     
          17          18  0.826442050202467     
          17          19  0.872379712100176     
          20          21  0.866424262437117     
          20          22  0.869456547478407     
          23          24  0.852848072213821     
          23          25  0.869066824004473     
          26          27  0.871263679894137     
          26          28  0.848013436106851     
          29          30  0.854293492617628     
          29          31  0.879867469243419     
          32          33  0.871609524546198     
          32          34  0.862849065348236     
          35          36  0.839521511377916     
          35          37  0.871207687751423     
