   -0.18246025
   -0.02809044
   -0.07709331
   -0.11228709
    0.36846172
   -0.63548493
   -0.62410551
    0.29978932
    0.28643545
    0.09405086
    0.09010801
    0.04896544
    0.07134970
    0.09395823
    0.03663992
    0.28333552
   -0.66851682
    0.35285384
    0.34657846
   -0.64237696
    0.32277865
    0.36219444
   -0.69047514
    0.34001535
    0.32486850
   -0.67576035
    0.34297741
    0.35646119
   -0.66267381
    0.32510707
    0.32057703
   -0.66970008
    0.34139021
    0.30808294
   -0.67430101
    0.31994831
    0.35283608
   -0.69194118
    0.31869729
    0.35121514
   -0.68402994
    0.30858507
    0.34970619
   -0.68840108
    0.33846638
    0.35126416
