           1           2  0.982292347838758     
           2           3   1.01228656917986     
           3           4  0.992221919361838     
           4           5  0.948567567042919     
           5           6   1.49881869289145     
           5           7   1.43876610850894     
           6           7  0.197272159785393     
           1           8  0.827678021934503     
           1           9  0.902584120177244     
           2          10  0.968483130407383     
           2          11  0.970380344696099     
           3          12  0.968361370895486     
           3          13  0.969655830696241     
           4          14  0.971580606111771     
           4          15  0.971543460824921     
           1          16  0.821008998447865     
          17          18  0.864990388197772     
          17          19  0.834699527241613     
          20          21  0.860521328985311     
          20          22  0.865542007781695     
          23          24  0.852179305670345     
          23          25  0.878469578648075     
          26          27  0.846510099897623     
          26          28  0.888292906170800     
