   -0.12084512
    0.36694025
   -0.63506129
   -0.62451754
   -0.01334792
   -0.18578021
    0.07644657
    0.06232439
    0.08157435
    0.09369556
    0.28242455
    0.30439921
    0.30658951
   -0.69187044
    0.34649140
    0.30952783
   -0.69684885
    0.36265925
    0.35976816
   -0.66706509
    0.33833838
    0.36386795
   -0.66752643
    0.36282008
    0.33240384
   -0.67599406
    0.34760874
    0.31537633
   -0.69767783
    0.35366428
    0.30961418
   -0.71294742
    0.35821913
    0.35472827
