           1           2  0.940089339107283     
           2           3   1.45648404620260     
           2           4   1.49218372662323     
           3           4  0.199708322081612     
           1           5   1.00110454677414     
           5           6  0.985009775256832     
           1           7  0.960095825290403     
           1           8  0.974011757220976     
           5           9  0.972322371517865     
           5          10  0.966471857153564     
           6          11  0.906026290173240     
           6          12  0.816130622588602     
           6          13  0.812439773173270     
          14          15  0.879092041741466     
          14          16  0.853695443348617     
          17          18  0.865803456991872     
          17          19  0.867419308493734     
          20          21  0.846751198799394     
          20          22  0.863749532493974     
          23          24  0.864243502437026     
          23          25  0.843712553518250     
          26          27  0.874204133002189     
          26          28  0.838381689662015     
          29          30  0.874777039908116     
          29          31  0.857823970621997     
          32          33  0.871593998729061     
          32          34  0.874082798833158     
