   -0.19466741
   -0.01812094
   -0.07527827
   -0.09936080
    0.36157146
   -0.64058814
   -0.67204455
    0.30680491
    0.27101677
    0.06931395
    0.08408012
    0.06809246
    0.05658633
    0.02767346
    0.02638066
    0.30731765
   -0.64965264
    0.32177053
    0.34783775
   -0.67116184
    0.34974561
    0.34813173
   -0.66165628
    0.33124120
    0.34958123
   -0.67964437
    0.35038334
    0.35157309
   -0.69373655
    0.34297424
    0.34320083
   -0.66752066
    0.34256346
    0.34770308
   -0.67829513
    0.34276875
    0.35341498
