           1           2  0.995306768624321     
           2           3   1.00827377276150     
           3           4   1.00923587872550     
           4           5  0.932323988615319     
           5           6   1.45510899858916     
           5           7   1.50268133984211     
           6           7  0.204283065547694     
           1           8  0.801780871493259     
           1           9  0.901604251860642     
           2          10  0.971879864758438     
           2          11  0.966603275755723     
           3          12  0.970291078132085     
           3          13  0.974509022052953     
           4          14  0.967672066169829     
           4          15  0.964541816579341     
           1          16  0.785400266776857     
          17          18  0.843245744565784     
          17          19  0.873281763147562     
          20          21  0.873441639700212     
          20          22  0.869641555747617     
          23          24  0.853562786930069     
          23          25  0.832065564438035     
          26          27  0.868957935008818     
          26          28  0.829512060123223     
          29          30  0.846658329123313     
          29          31  0.845686210583679     
          32          33  0.834571198879581     
          32          34  0.872062035825651     
          16          35  0.106884156075516     
          35          36  0.847307340917739     
          35          37  0.817518721329993     
