    0.08491238
   -0.02558205
    0.30427138
    0.12272895
   -0.16974407
    0.06989928
   -0.11949468
   -0.63911402
    0.36203140
    0.29854622
   -0.62596989
    0.30261925
    0.07538697
   -0.69516469
    0.36220039
    0.36046099
   -0.69126213
    0.34804413
    0.32356589
   -0.69268621
    0.32966310
    0.32006039
   -0.67826163
    0.35235307
    0.31857804
   -0.68822229
    0.35695905
    0.32915951
   -0.66595279
    0.32622161
    0.32060257
   -0.69972418
    0.36335823
    0.35955580
