           1           2  0.971302932963029     
           2           4  0.952923369895016     
           2           5  0.971976087612362     
           3           5  0.894657018434061     
           2           7   1.00603548232764     
           6           7  0.969566802913251     
           7           9  0.946594215534048     
           8           9   1.39124318816104     
           5          10  0.842318557852539     
           8          11  0.198508354093330     
           9          11   1.55441713138389     
           5          12  0.875629981598491     
           7          13  0.954508095884299     
          14          15  0.866927098285008     
          14          16  0.868441960169460     
          17          18  0.877072249868616     
          17          19  0.855904586132073     
          20          21  0.890303246010610     
          20          22  0.840578857480376     
          23          24  0.872256228557116     
          23          25  0.868711488394051     
          26          27  0.869392023035096     
          26          28  0.852358796355542     
          29          30  0.854910259890779     
          29          31  0.862157916683066     
          32          33  0.866236886855260     
          32          34  0.869016216399962     
