    0.10698386
   -0.02487634
    0.30152040
    0.11136758
   -0.17558848
    0.06277750
   -0.11662077
   -0.60775152
    0.36574640
    0.30879342
   -0.62275510
    0.29398875
    0.06741822
   -0.68246190
    0.32783804
    0.35776494
   -0.69561895
    0.35913548
    0.35978782
   -0.70293732
    0.32590895
    0.34893375
   -0.71353821
    0.35334584
    0.36019343
   -0.69126452
    0.32611378
    0.34504324
   -0.67777000
    0.32390128
    0.35458757
   -0.69182050
    0.31657455
    0.32527883
