           1           2  0.962348363269109     
           2           4  0.963775792483095     
           2           5  0.971241798875785     
           3           5  0.897018399693684     
           2           7   1.01013873771876     
           6           7  0.971714890423205     
           7           9  0.943061452659798     
           8           9   1.42223425613019     
           5          10  0.812372519173656     
           8          11  0.201517683574451     
           9          11   1.52755879909887     
           5          12  0.900035090214812     
           7          13  0.955747568185167     
          14          15  0.826737131986439     
          14          16  0.869099827289038     
          17          18  0.868378404202968     
          17          19  0.867890998843218     
          20          21  0.854828733999234     
          20          22  0.878115478671313     
          23          24  0.875024411398042     
          23          25  0.870133094218576     
          26          27  0.861946720672987     
          26          28  0.880422161748776     
          29          30  0.858659540481873     
          29          31  0.871085711572514     
          32          33  0.860027341849934     
          32          34  0.863431906647172     
