   -0.19028082
   -0.02411027
   -0.07599938
   -0.10429938
    0.36135726
   -0.64655121
   -0.60453502
    0.29455481
    0.28514212
    0.09580586
    0.08727194
    0.07410874
    0.05267234
    0.05015612
    0.02679253
    0.29047854
   -0.71477866
    0.35707422
    0.35770441
   -0.68094657
    0.34701360
    0.34495175
   -0.66522426
    0.33226397
    0.35464264
   -0.68230751
    0.34772721
    0.34558633
   -0.69761712
    0.31193689
    0.35390003
   -0.68764227
    0.35181493
    0.34789685
   -0.70585628
    0.35628675
    0.35300896
