           1           2  0.983489156002366     
           2           3   1.01159871313970     
           3           4  0.998533382227106     
           4           5  0.945111291916122     
           5           6   1.49625673265833     
           5           7   1.44467367530390     
           6           7  0.197707005744012     
           1           8  0.850096610472144     
           1           9  0.865093796987625     
           2          10  0.969135744856835     
           2          11  0.968828913864750     
           3          12  0.965320612801198     
           3          13  0.974094176128927     
           4          14  0.957911277430919     
           4          15  0.979935438633693     
           1          16  0.799925170253294     
          17          18  0.872369201421008     
          17          19  0.871926266754885     
          20          21  0.816050617197687     
          20          22  0.872493442282095     
          23          24  0.873111574220457     
          23          25  0.850790074164907     
          26          27  0.871473892477942     
          26          28  0.824193530184858     
          29          30  0.858108289770893     
          29          31  0.874593018587169     
          32          33  0.873014704854292     
          32          34  0.838286202078556     
          35          36  0.872009531014868     
          35          37  0.874512224533018     
