   -0.19433391
   -0.01728338
   -0.07666802
   -0.10741002
    0.36169225
   -0.65793683
   -0.64275593
    0.28025370
    0.31009552
    0.10554584
    0.05809766
    0.05893488
    0.09140715
    0.04840776
    0.02631582
    0.27879533
   -0.69399862
    0.32328890
    0.33134006
   -0.68562174
    0.34745588
    0.32908131
   -0.68535592
    0.35733184
    0.35603395
   -0.64605894
    0.33952126
    0.32746898
   -0.65279019
    0.34425115
    0.33420881
   -0.70227467
    0.35835109
    0.35994920
   -0.68781876
    0.36601519
    0.35646339
