           1           2  0.979117960764209     
           2           3   1.00990900955055     
           3           4  0.993186815971933     
           4           5  0.936317363248824     
           5           6   1.51934306184714     
           5           7   1.44094421885898     
           6           7  0.204911598859190     
           1           8  0.907764401263829     
           1           9  0.791705583586707     
           2          10  0.966795810432949     
           2          11  0.975433067820036     
           3          12  0.973394601708337     
           3          13  0.965681450179262     
           4          14  0.971840943639269     
           4          15  0.979509545672715     
           1          16  0.833587766901206     
          17          18  0.872194896711502     
          17          19  0.857553541065410     
          20          21  0.875463761788476     
          20          22  0.841722230056276     
          23          24  0.870318393650707     
          23          25  0.871228800001838     
          26          27  0.834436782190085     
          26          28  0.890370278834926     
          29          30  0.841813785779825     
          29          31  0.852193044200406     
          32          33  0.869336045218349     
          32          34  0.868240309917286     
          35          36  0.863942048406096     
          35          37  0.870574380658603     
