   -0.17309546
   -0.02275223
   -0.07480162
   -0.09926146
    0.36066959
   -0.65145246
   -0.68436971
    0.26897128
    0.30398033
    0.09158213
    0.08097164
    0.05472849
    0.06282138
    0.02718820
    0.02209924
    0.31136382
   -0.67809945
    0.34846680
    0.33462375
   -0.67584885
    0.35859233
    0.36316824
   -0.66554826
    0.34172388
    0.35244000
   -0.69393967
    0.33015142
    0.33838120
   -0.68849104
    0.34309445
    0.34822799
   -0.68166341
    0.35489568
    0.35707857
   -0.66840727
    0.34553553
    0.35697497
