           1           2  0.989109569480654     
           2           3   1.00960708337862     
           3           4   1.00826572199447     
           4           5  0.924350258928240     
           5           6   1.49789139360302     
           5           7   1.47919801154023     
           6           7  0.209992343597258     
           1           8  0.912836013141360     
           1           9  0.815682079474199     
           2          10  0.968720128411042     
           2          11  0.967201716947273     
           3          12  0.970411934595480     
           3          13  0.973816921187591     
           4          14  0.975298070381022     
           4          15  0.963377658581763     
           1          16  0.812011443633684     
          17          18  0.874101880992000     
          17          19  0.839443450364139     
          20          21  0.869186147861746     
          20          22  0.864129635621389     
          23          24  0.843577244438272     
          23          25  0.818470999549641     
          26          27  0.889966352659191     
          26          28  0.844331135863625     
          29          30  0.837157862073609     
          29          31  0.875191572260650     
          32          33  0.867997941177611     
          32          34  0.827304680151572     
          35          36  0.844762930604076     
          35          37  0.869361368335774     
