    0.07646609
   -0.01726083
    0.29061060
    0.10383790
   -0.18975810
    0.06616064
   -0.12298707
   -0.60949415
    0.36554434
    0.29353343
   -0.63971062
    0.31104519
    0.09234818
   -0.69496487
    0.35883133
    0.36505165
   -0.67199277
    0.33386153
    0.36003065
   -0.71214849
    0.33173548
    0.35287149
   -0.67214053
    0.32585977
    0.35575153
   -0.65778309
    0.34004969
    0.34107692
   -0.69722947
    0.34720664
    0.31225254
   -0.69482046
    0.33983833
    0.31632652
