           1           2  0.973159343749734     
           2           4  0.967576597273489     
           2           5  0.979050432801922     
           3           5  0.902657572735775     
           2           7   1.00925917893922     
           6           7  0.969004029886835     
           7           9  0.947408690502585     
           8           9   1.48909069831928     
           5          10  0.834212996960468     
           8          11  0.198262565311505     
           9          11   1.45499432330985     
           5          12  0.817591971992227     
           7          13  0.945352153028854     
          14          15  0.869351620810230     
          14          16  0.864495898264874     
          17          18  0.840960790114547     
          17          19  0.864559894638229     
          20          21  0.851685576727384     
          20          22  0.875272140495759     
          23          24  0.850663355476515     
          23          25  0.869805279815584     
          26          27  0.880258373639457     
          26          28  0.828761670851436     
          29          30  0.878460471427471     
          29          31  0.850084722086714     
          32          33  0.884033332298701     
          32          34  0.847954559197865     
