   -0.17864269
   -0.02548996
   -0.07718349
   -0.10051797
    0.36186953
   -0.64059135
   -0.67149827
    0.29824545
    0.28307085
    0.09271597
    0.09287861
    0.06834821
    0.05113713
    0.03504797
    0.02396972
    0.31184582
   -0.67380770
    0.36289523
    0.33596137
   -0.71254924
    0.35627808
    0.35627114
   -0.68314633
    0.32291123
    0.35046704
   -0.64258874
    0.32631534
    0.35112626
   -0.67184032
    0.35076654
    0.35786481
   -0.68762910
    0.33269021
    0.34311890
   -0.69037009
    0.34488784
    0.34517201
