           1           2  0.984887302828747     
           2           3   1.00806612394312     
           3           4   1.01014789633599     
           4           5  0.929042868859786     
           5           6   1.46301276903482     
           5           7   1.49996624177389     
           6           7  0.204494446986099     
           1           8  0.839470094283674     
           1           9  0.905312706509802     
           2          10  0.970950850102125     
           2          11  0.966455158948108     
           3          12  0.966638183739987     
           3          13  0.977504362107141     
           4          14  0.968922100372366     
           4          15  0.964731876966592     
           1          16  0.807486784598783     
          17          18  0.866433404450052     
          17          19  0.885362747547256     
          20          21  0.872961755129559     
          20          22  0.872963618045428     
          23          24  0.860838696483689     
          23          25  0.839974058870410     
          26          27  0.844306277617153     
          26          28  0.870622730003857     
          29          30  0.807086569149453     
          29          31  0.862632879641627     
          32          33  0.853270117618739     
          32          34  0.828290112005274     
          35          36  0.877336245832971     
          35          37  0.811779052281898     
