           1           2  0.983491787300988     
           2           3   1.00901354780722     
           3           4   1.00643234946517     
           4           5  0.933605512512792     
           5           6   1.49080374666761     
           5           7   1.46365560048459     
           6           7  0.205492337722659     
           1           8  0.838699839963458     
           1           9  0.903480098603888     
           2          10  0.968944493064641     
           2          11  0.967825556561867     
           3          12  0.969640268607049     
           3          13  0.975536663457738     
           4          14  0.977162697694004     
           4          15  0.960052012092198     
           1          16  0.822682369578519     
          17          18  0.867118989605180     
          17          19  0.871201558095888     
          20          21  0.871350879347238     
          20          22  0.878542534063634     
          23          24  0.862004833687175     
          24          25  0.862193863076071     
          26          27  0.876474382560121     
          26          28  0.851008314613828     
