   -0.13510612
    0.36218148
   -0.65785418
   -0.60733083
   -0.04455369
   -0.19950544
    0.10379563
    0.09864845
    0.10225168
    0.11718655
    0.30589331
    0.30655308
    0.32199758
   -0.66734028
    0.32810310
    0.32341873
   -0.68573368
    0.34147392
    0.34679499
   -0.67642606
    0.34262760
    0.31587497
   -0.64150229
    0.33955636
    0.32689771
   -0.69292227
    0.35216876
    0.32520578
   -0.62982650
    0.32595597
    0.32973098
   -0.66407095
    0.34035888
    0.34026763
   -0.67501822
    0.38282901
    0.31396949
   -0.68847889
    0.33884956
    0.33888376
   -0.68084390
    0.32589315
    0.33084066
   -0.69059918
    0.35170329
    0.33913696
   -0.69685169
    0.32127612
    0.35930813
   -0.66263819
    0.34291161
    0.35023872
   -0.66802369
    0.37327428
    0.36243408
   -0.67702814
    0.34208893
    0.33132667
   -0.71597184
    0.34552409
    0.33566037
   -0.71549940
    0.33882131
    0.36282411
   -0.69965464
    0.34998569
    0.32874290
   -0.65559138
    0.34101959
    0.33699426
   -0.65466172
    0.35372206
    0.32827553
   -0.69532376
    0.36127800
    0.33842898
   -0.69522630
    0.34968938
    0.33804842
   -0.68318928
    0.34318309
    0.33894073
   -0.69206762
    0.33860674
    0.34873557
   -0.71343288
    0.33203503
    0.36135986
   -0.69926108
    0.35612792
    0.32907551
   -0.70960435
    0.32494060
    0.38269736
   -0.70940837
    0.33521545
    0.35253261
   -0.68636985
    0.34070952
    0.34478268
   -0.70203496
    0.34748839
    0.34385351
   -0.70756608
    0.32295829
    0.37869650
   -0.69253290
    0.35702895
    0.34098662
   -0.70267364
    0.35204911
    0.34991928
   -0.69505623
    0.34402991
    0.31165619
   -0.68285701
    0.33905986
    0.37351172
   -0.66758746
    0.31557870
    0.33913895
   -0.63376785
    0.32912549
    0.33437958
   -0.66913501
    0.33239731
    0.32710902
   -0.65026794
    0.32554679
    0.33017650
   -0.70191892
    0.33875914
    0.33990228
   -0.72155695
    0.34866132
    0.34485440
   -0.71404167
    0.35630437
    0.32787499
   -0.67937654
    0.32052299
    0.33559708
   -0.68876377
    0.34635200
    0.32828195
   -0.64083026
    0.32819437
    0.32394086
   -0.65642514
    0.37443984
    0.32527718
   -0.69362064
    0.33545227
    0.35024767
   -0.67301105
    0.34600827
    0.33295954
   -0.69838700
    0.33099336
    0.35647575
   -0.70587731
    0.35393550
    0.36461426
