           1           2  0.980064993999595     
           2           3   1.39429268269632     
           2           4   1.46061062844079     
           3           4  0.170792459903508     
           1           5   1.00956628309069     
           5           6  0.994103164443861     
           1           7  0.933974448184359     
           1           8  0.942992837884833     
           5           9  0.961347100155855     
           5          10  0.957018484461945     
           6          11  0.835402605581344     
           6          12  0.850647794545984     
           6          13  0.816504102956464     
          14          15  0.849890375375960     
          14          16  0.830883097384161     
          17          18  0.831578287589302     
          17          19  0.835039202590914     
          20          21  0.834801457419810     
          20          22  0.842527663281983     
          23          24  0.832164479437377     
          23          25  0.830982739384092     
          26          27  0.842172190550148     
          26          28  0.853220673414034     
          29          30  0.865543516023537     
          29          31  0.859670612063117     
          32          33  0.824688206322653     
          32          34  0.827994547213199     
          35          36  0.780020322693302     
          35          37  0.881209887926284     
          38          39  0.861630025629370     
          38          40  0.844483320774017     
          41          42  0.830503607464896     
          41          43  0.837764016459575     
          44          45  0.840464146980626     
          44          46  0.866097015042286     
          47          48  0.891386388694507     
          47          49  0.797101005247832     
          50          51  0.834691027192190     
          50          52  0.830071155791143     
          53          54  0.797014478992145     
          53          55  0.826166933865461     
          56          57  0.877784503244348     
          56          58  0.843714195263002     
          59          60  0.824847564533684     
          59          61  0.842133207554761     
          62          63  0.839757056456586     
          62          64  0.809145658864694     
          65          66  0.798479690310414     
          65          67  0.889445671715699     
          68          69  0.827929828787094     
          68          70  0.817906911803837     
          71          72  0.814502533691212     
          71          73  0.834584490786145     
          74          75  0.785646540806708     
          74          76  0.874818737843644     
          77          78  0.791601024085671     
          77          79  0.845263451141141     
          80          81  0.856897899709130     
          80          82  0.850541995824514     
          83          84  0.882397599609683     
          83          85  0.837929309781789     
          86          87  0.830503541690046     
          86          88  0.803753973833956     
          89          90  0.786458716209754     
          89          91  0.833149329846661     
          92          93  0.870972454244303     
          53          94  0.107442471944608     
          92          94  0.740598319412559     
          95          96  0.882777025314893     
          95          97  0.798607811285336     
          98          99  0.836036124314944     
          98         100  0.879075424830933     
         101         102  0.875988246627239     
         101         103  0.820304050492257     
         104         105  0.889241864657842     
         104         106  0.751150523849477     
         107         108  0.806868644779909     
         107         109  0.876414273911804     
         110         111  0.828873419336401     
         110         112  0.816107345741822     
         113         114  0.819835036445919     
         113         115  0.864043926190734     
         116         117  0.834240247493538     
         116         118  0.835854380475707     
         119         120  0.869191541921483     
         119         121  0.847330669343472     
         122         123  0.842629259617752     
         122         124  0.843150934615760     
         125         126  0.837151268023113     
         125         127  0.839096536470758     
         128         129  0.859603620607395     
         128         130  0.836790524769695     
         131         132  0.840794476266113     
         131         133  0.830039253575222     
         134         135  0.819403982685580     
         134         136  0.842529083905100     
         137         138  0.784329456920320     
         137         139  0.871646407875381     
         140         141  0.834579415760586     
         140         142  0.820586772753535     
         143         144  0.804652168537113     
         143         145  0.827242555586651     
         146         147  0.850260875629426     
         146         148  0.854334970266231     
         149         150  0.789871562296836     
         149         151  0.876037852629917     
         152         153  0.841002947920611     
         152         154  0.874664843867985     
         155         156  0.819936180957933     
         155         157  0.863182807726988     
         158         159  0.883047329831381     
         158         160  0.802670215996244     
         161         162  0.805308371670025     
         161         163  0.809499479811483     
