   -0.18512795
   -0.02770186
   -0.07883360
   -0.11402844
    0.36691459
   -0.64728069
   -0.61159974
    0.29305460
    0.29038176
    0.09527764
    0.09020861
    0.04733685
    0.07652394
    0.09420709
    0.04605466
    0.28553570
   -0.69183369
    0.35047035
    0.34384158
   -0.62816698
    0.32704879
    0.34678036
   -0.68850938
    0.33974618
    0.32678540
   -0.68387746
    0.36184124
    0.36338846
   -0.66434216
    0.32453227
    0.32108007
   -0.66529811
    0.34231617
    0.29778228
   -0.66917570
    0.32091570
    0.35943185
   -0.68998809
    0.31539003
    0.35413106
   -0.67367711
    0.31924385
    0.35097970
   -0.69588468
    0.35612515
    0.30799972
