           1           2  0.984093076503093     
           2           3   1.01168164235828     
           3           4   1.00553363571658     
           4           5  0.966279104464618     
           5           6   1.43717149058624     
           5           7   1.45471852450774     
           6           7  0.180797244246105     
           1           8  0.845745122401234     
           1           9  0.836445538839113     
           2          10  0.969110593217972     
           2          11  0.969691102004579     
           3          12  0.975199790969302     
           3          13  0.961422941730370     
           4          14  0.935448862262073     
           4          15  0.966227647848318     
           1          16  0.840686663304959     
          17          18  0.875090350815843     
          17          19  0.834286226046240     
          20          21  0.851565757404043     
          20          22  0.858673682669851     
          23          24  0.833442724949179     
          23          25  0.841369484630841     
          26          27  0.865724688977813     
          26          28  0.864969667276325     
          29          30  0.867654251559615     
          29          31  0.842232744382409     
          32          33  0.811881826285849     
          32          34  0.892003820191559     
          35          36  0.841739538230904     
          35          37  0.866013551380130     
          38          39  0.848738129565416     
          38          40  0.871311384989050     
          41          42  0.874806108677267     
          41          43  0.874299257450552     
          44          45  0.872663070036801     
          44          46  0.859403560324956     
