   -0.18647423
   -0.02695862
   -0.07871090
   -0.09892611
    0.36614103
   -0.65018673
   -0.64943512
    0.31291779
    0.29734508
    0.08740822
    0.09450428
    0.09016279
    0.06180029
    0.02303948
    0.03718001
    0.29401348
   -0.67728863
    0.34072521
    0.30761634
   -0.70182153
    0.35838981
    0.36791376
   -0.68072693
    0.32289512
    0.34224939
   -0.65433458
    0.33057955
    0.31446789
   -0.65915667
    0.35480469
    0.33594302
   -0.65658819
    0.32713146
    0.35901901
   -0.64780960
    0.33647957
    0.30569056
