           1           2  0.980704401108179     
           2           3   1.00524778566921     
           3           4  0.989007125303049     
           4           5  0.941934401136625     
           5           6   1.50229815037437     
           5           7   1.43629564054741     
           6           7  0.197628348094011     
           1           8  0.803798946970747     
           1           9  0.853554677913270     
           2          10  0.972521600428053     
           2          11  0.969271499454440     
           3          12  0.958206999173427     
           3          13  0.969769074684877     
           4          14  0.979226962728366     
           4          15  0.975444231227785     
           1          16  0.900758088830488     
          17          18  0.826568861501888     
          17          19  0.865192944134007     
          20          21  0.869882266732614     
          20          22  0.862566806514565     
          23          24  0.852739637289944     
          23          25  0.842502035397190     
          26          27  0.849180556981383     
          26          28  0.850833047668657     
          29          30  0.869935622002404     
          29          31  0.838845785574436     
          32          33  0.849787008923975     
          32          34  0.865792544000660     
          35          36  0.855485563679544     
          35          37  0.882712567619381     
