   -0.18490801
   -0.02452682
   -0.07336099
   -0.10238667
    0.36160174
   -0.62952430
   -0.66808396
    0.29092891
    0.28076553
    0.08992369
    0.09100034
    0.06036741
    0.05706545
    0.05082716
    0.02813063
    0.31335744
   -0.66402660
    0.37108776
    0.34890275
   -0.65079829
    0.33981208
    0.34209085
   -0.69353853
    0.35987046
    0.35874955
   -0.69550674
    0.31231820
    0.33497290
   -0.66723954
    0.31721319
    0.34092785
   -0.69900377
    0.35684040
    0.34577042
   -0.68061468
    0.33807126
    0.34292294
