   -0.19057769
   -0.02308598
   -0.08169112
   -0.10012161
    0.36266817
   -0.65296580
   -0.65098172
    0.29684735
    0.29547681
    0.08046588
    0.08209948
    0.07659698
    0.07316163
    0.03324768
    0.03352643
    0.29617043
   -0.63677140
    0.33615675
    0.35283143
   -0.66269224
    0.31922065
    0.35104304
   -0.67299233
    0.34211395
    0.33473127
   -0.68520451
    0.34844475
    0.35693474
   -0.68182691
    0.34679196
    0.34414666
   -0.67250548
    0.35022990
    0.31425544
   -0.67283860
    0.32178378
    0.33531023
