           1           2  0.990881350035236     
           2           3   1.00707485666635     
           3           4   1.01030192187842     
           4           5  0.939132314789470     
           5           6   1.52928401890044     
           5           7   1.40842660780204     
           6           7  0.192473769061458     
           1           8  0.829626188219372     
           1           9  0.842259304264777     
           2          10  0.970930559870213     
           2          11  0.970669869484262     
           3          12  0.963463045517168     
           3          13  0.969816519724312     
           4          14  0.963480885890269     
           4          15  0.964722112761374     
           1          16  0.837148511567660     
          17          18  0.860685531270956     
          17          19  0.868320615640417     
          20          21  0.844897986639999     
          20          22  0.870914366000403     
          23          24  0.876903696362428     
          23          25  0.834258321947225     
          26          27  0.851606129007633     
          26          28  0.870847254672440     
          29          30  0.874899746670332     
          29          31  0.829512438025119     
          32          33  0.873550621688364     
          32          34  0.852032192382778     
          35          36  0.858853006785577     
          35          37  0.838986202282608     
