   -0.11982199
    0.36339320
   -0.66326572
   -0.64380569
   -0.01534362
   -0.17566100
    0.07813318
    0.05243214
    0.07617273
    0.08590967
    0.29689427
    0.29906023
    0.29931631
   -0.68363162
    0.34582144
    0.35392957
   -0.64855521
    0.35694033
    0.34054705
   -0.68490954
    0.36205595
    0.34937485
   -0.68597337
    0.34354934
    0.34310340
   -0.68974568
    0.35216722
    0.31599120
   -0.69770111
    0.34952442
    0.32403051
   -0.67764518
    0.34802562
    0.34968711
