           1           2  0.930046959963874     
           2           3   1.44479938677328     
           2           4   1.51882466020404     
           3           4  0.207318333503883     
           1           5   1.01386094523812     
           5           6  0.987726809500651     
           1           7  0.950859926492901     
           1           8  0.971814380959852     
           5           9  0.972266322954082     
           5          10  0.966830082319763     
           6          11  0.848531104211247     
           6          12  0.826327831657336     
           6          13  0.864707635675326     
          14          15  0.848431659739263     
          14          16  0.872083704698498     
          17          18  0.867995745342627     
          17          19  0.845102594594956     
          20          21  0.865631554861184     
          20          22  0.873669351714690     
          23          24  0.875092387939758     
          23          25  0.830270101616011     
          26          27  0.873483110645053     
          26          28  0.834978632663591     
          29          30  0.877730650475304     
          29          31  0.861004684768924     
          32          33  0.875128663242975     
          32          34  0.854065451537860     
