   -0.18003938
   -0.01691046
   -0.07115402
   -0.10863800
    0.36414413
   -0.64293422
   -0.64440015
    0.29132576
    0.30440741
    0.09861975
    0.06089175
    0.04383251
    0.07620931
    0.06319881
    0.02641325
    0.27216519
   -0.66974966
    0.35963979
    0.33577137
   -0.66094550
    0.31894778
    0.33174699
   -0.68055000
    0.36299256
    0.36542239
   -0.72093616
    0.36296913
    0.35796703
   -0.70398408
    0.32901443
    0.35018636
   -0.68443978
    0.31738679
    0.35786513
   -0.68887702
    0.36623425
    0.35620656
