           1           2  0.986029142885922     
           2           3   1.00929991989693     
           3           4  0.992492117995106     
           4           5  0.939047101236464     
           5           6   1.54228906213529     
           5           7   1.40563198067845     
           6           7  0.197417918620080     
           1           8  0.855958344960273     
           1           9  0.806801720976648     
           2          10  0.968881626139558     
           2          11  0.974181854212342     
           3          12  0.976247431207116     
           3          13  0.972100362450225     
           4          14  0.971541551602262     
           4          15  0.977308219346590     
           1          16  0.862321396671879     
          17          18  0.867735653878017     
          17          19  0.829362762575792     
          20          21  0.863138069958564     
          20          22  0.847710683613699     
          23          24  0.866784958300175     
          23          25  0.864922629361461     
          26          27  0.868069559345827     
          26          28  0.871674075266913     
          29          30  0.857598806054354     
          29          31  0.877219181420867     
          32          33  0.842561307463921     
          32          34  0.867782022174404     
          35          36  0.861228107727340     
          35          37  0.869175113738168     
