   -0.18610145
   -0.02607224
   -0.07450436
   -0.10590766
    0.36692382
   -0.64426745
   -0.60007860
    0.30194625
    0.27428976
    0.09657243
    0.09230643
    0.05711174
    0.05767400
    0.06936495
    0.03575749
    0.28466328
   -0.69145860
    0.33016021
    0.31249108
   -0.67556865
    0.32426480
    0.33574645
   -0.66694866
    0.31291206
    0.35744569
   -0.67054441
    0.34351027
    0.35428112
   -0.68052865
    0.32779191
    0.35553862
   -0.65806006
    0.32342549
    0.36385052
   -0.69120987
    0.34162211
    0.35160017
