           1           2  0.978736890737614     
           2           3   1.01323981570213     
           3           4   1.00888943273599     
           4           5  0.952193222484300     
           5           6   1.45920730948451     
           5           7   1.46030083230493     
           6           7  0.189486798009429     
           1           8  0.810117305604472     
           1           9  0.861870298010442     
           2          10  0.970037877535948     
           2          11  0.970170360076526     
           3          12  0.972292556164996     
           3          13  0.971676292028775     
           4          14  0.955184581285788     
           4          15  0.962859874984512     
           1          16  0.852935341192456     
          17          18  0.863614405119751     
          17          19  0.861082647337565     
          20          21  0.851838197025335     
          20          22  0.848515748199593     
          23          24  0.855552363298851     
          23          25  0.868587070677307     
          26          27  0.825428181855815     
          26          28  0.871125470208003     
          29          30  0.828312311709076     
          29          31  0.869651375873489     
          32          33  0.843426528411236     
          32          34  0.861916604245237     
          35          36  0.829157607092666     
          35          37  0.872293410445133     
