   -0.19414433
   -0.02336987
   -0.07546949
   -0.10191119
    0.36509896
   -0.64696016
   -0.59915407
    0.28991304
    0.28985434
    0.09652438
    0.08428336
    0.05634725
    0.06257532
    0.04853682
    0.03011232
    0.27781977
   -0.66348385
    0.33788959
    0.35815870
   -0.67998084
    0.33821012
    0.35511710
   -0.68936327
    0.35655004
    0.34607276
   -0.67499343
    0.31307261
    0.33431826
   -0.66938408
    0.32907085
    0.32945174
   -0.69750547
    0.33962675
    0.35454261
   -0.67645357
    0.35113300
    0.34789393
