           1           2  0.985492548573922     
           2           3   1.01059926932936     
           3           4   1.00887365910115     
           4           5  0.944827399472250     
           5           6   1.49723285593854     
           5           7   1.44023363560328     
           6           7  0.195523370741000     
           1           8  0.841830625132302     
           1           9  0.826227478275912     
           2          10  0.970138960239897     
           2          11  0.970075602257899     
           3          12  0.973373461540059     
           3          13  0.971839833030049     
           4          14  0.959113892400048     
           4          15  0.965878931759706     
           1          16  0.830749177868423     
          17          18  0.832672224796053     
          17          19  0.865485527475144     
          20          21  0.805413090892843     
          20          22  0.868520116702617     
          23          24  0.870323956711464     
          23          25  0.845613359410391     
          26          27  0.859546367544736     
          26          28  0.844428451677413     
          29          30  0.840789479495062     
          29          31  0.844026583727836     
          32          33  0.836151398534400     
          32          34  0.872049544940629     
          35          36  0.873940619085317     
          35          37  0.827799421761715     
