   -0.17734817
   -0.02379670
   -0.07349157
   -0.10420567
    0.36471876
   -0.64602562
   -0.60621576
    0.30151341
    0.29508169
    0.10050944
    0.08139969
    0.05916642
    0.06712429
    0.05194109
    0.03422377
    0.27333744
   -0.68987153
    0.35391461
    0.30790057
   -0.67746721
    0.35211423
    0.34007338
   -0.67145469
    0.33994767
    0.31206515
   -0.67826400
    0.36360395
    0.36215060
   -0.68408757
    0.34882566
    0.30451696
   -0.67995816
    0.31781452
    0.34620774
   -0.67134950
    0.34802721
    0.35735791
