           1           2  0.984139208117829     
           2           3   1.00961242657952     
           3           4  0.988723735176992     
           4           5  0.950023911094991     
           5           6   1.43757921706177     
           5           7   1.49116223816132     
           6           7  0.192289187738212     
           1           8  0.820886585707067     
           1           9  0.852137236394785     
           2          10  0.968141704087943     
           2          11  0.967900403687884     
           3          12  0.972477088108509     
           3          13  0.973591878913410     
           4          14  0.969631285228692     
           4          15  0.977058967374030     
           1          16  0.861585060192497     
          17          18  0.873506063823804     
          17          19  0.858995096249620     
          20          21  0.870129931992815     
          20          22  0.854997449049817     
          23          24  0.876531055546867     
          23          25  0.877720412777757     
          26          27  0.864955952054316     
          26          28  0.865634780717888     
          29          30  0.877274744226817     
          29          31  0.863691948248626     
          32          33  0.877768258255155     
          32          34  0.867997731008996     
          35          36  0.836900258385821     
          35          37  0.869412669403183     
