   -0.18800046
   -0.02918838
   -0.07592469
   -0.10887902
    0.36293025
   -0.64941512
   -0.60750884
    0.29190443
    0.27966716
    0.11334688
    0.08950608
    0.07894236
    0.04995403
    0.05238432
    0.04649951
    0.28812449
   -0.69902432
    0.36172870
    0.36059637
   -0.68383948
    0.35941118
    0.36878448
   -0.68687204
    0.34822894
    0.31732410
   -0.72105220
    0.36216691
    0.35888530
   -0.68259371
    0.32301984
    0.35633731
   -0.68754917
    0.35170323
    0.31431953
   -0.68595158
    0.32171614
    0.34831746
