           1           2  0.971143596527444     
           2           3   1.01421364248710     
           3           4   1.00117165235946     
           4           5  0.949779446074031     
           5           6   1.47457164670090     
           5           7   1.46220985217578     
           6           7  0.193304303952276     
           1           8  0.843970981814311     
           1           9  0.909510776901338     
           2          10  0.957443570005688     
           2          11  0.969369412398833     
           3          12  0.965478981763383     
           3          13  0.973729847692925     
           4          14  0.954411712584685     
           4          15  0.971441406004079     
           1          16  0.802130431550205     
          17          18  0.867312176060700     
          17          19  0.868230313909129     
          20          21  0.867971395755676     
          20          22  0.860965883835271     
          23          24  0.878159976323400     
          23          25  0.864744474076618     
          26          27  0.868632721430583     
          26          28  0.871006855327021     
          29          30  0.853661530152160     
          29          31  0.870218228810127     
          32          33  0.871984251321919     
          32          34  0.832278933699286     
          35          36  0.863545657252907     
          35          37  0.877195220724833     
