    0.06983273
   -0.01663054
    0.29198164
    0.11113316
   -0.18997737
    0.04422137
   -0.11644326
   -0.63544302
    0.36249867
    0.27989964
   -0.65984237
    0.29464200
    0.06327666
   -0.69898894
    0.35940960
    0.36755084
   -0.67869748
    0.35396228
    0.33364272
   -0.71006968
    0.34545547
    0.33236523
   -0.67692460
    0.33491452
    0.35999300
   -0.66616824
    0.33857134
    0.34523766
   -0.66827405
    0.33477699
    0.36283227
   -0.69445442
    0.36204188
    0.36367430
