           1           2  0.974191929427562     
           2           4  0.958225979989077     
           2           5  0.983603066327361     
           3           5  0.841122980618607     
           2           7   1.00897685375896     
           6           7  0.975891168745691     
           7           9  0.931612056253283     
           8           9   1.45389471418794     
           5          10  0.840864669649064     
           8          11  0.207046038553149     
           9          11   1.51508648195744     
           5          12  0.835757484882820     
           7          13  0.959627152210179     
          14          15  0.869032020158064     
          14          16  0.862355064346761     
          17          18  0.872889125873445     
          17          19  0.845787901986320     
          20          21  0.880456778699252     
          20          22  0.845055685118606     
          23          24  0.847252596821305     
          23          25  0.865358045718231     
          26          27  0.839990464992689     
          26          28  0.876978987652436     
          29          30  0.841449313801101     
          29          31  0.864054626015664     
          32          33  0.866821955553477     
          32          34  0.865003121624891     
