   -0.17977839
   -0.02256255
   -0.06986796
   -0.10842605
    0.36441812
   -0.62996255
   -0.64142945
    0.29785225
    0.29593430
    0.10969194
    0.06495678
    0.04410898
    0.06834993
    0.06359087
    0.02356868
    0.27691456
   -0.71498518
    0.35146397
    0.33732907
   -0.66665314
    0.35800697
    0.34395432
   -0.67851823
    0.31829246
    0.34606627
   -0.67277642
    0.35465197
    0.32309761
   -0.70200590
    0.35884654
    0.34831117
   -0.68673036
    0.35274762
    0.34460458
   -0.65690275
    0.34911474
    0.33472521
