           1           2  0.987063105276075     
           2           3   1.00857317945989     
           3           4  0.989779245865342     
           4           5  0.944546469090191     
           5           6   1.56003506900986     
           5           7   1.37849088662712     
           6           7  0.194268258131146     
           1           8  0.834877103156328     
           1           9  0.835393680622796     
           2          10  0.959757398162515     
           2          11  0.973586502432821     
           3          12  0.976397649147234     
           3          13  0.973943808252346     
           4          14  0.970215645155103     
           4          15  0.976164788539251     
           1          16  0.852799508662696     
          17          18  0.876254385091768     
          17          19  0.849201115074208     
          20          21  0.865150135053133     
          20          22  0.833770389496123     
          23          24  0.851031860932611     
          23          25  0.875196584234376     
          26          27  0.870285309063900     
          26          28  0.853413319662851     
          29          30  0.870242359709996     
          29          31  0.877588962041093     
          32          33  0.872181368613120     
          32          34  0.849059587772679     
          35          36  0.831689029230861     
          35          37  0.861076107418716     
