    0.10787713
   -0.02071356
    0.31266534
    0.10229679
   -0.18917967
    0.06787019
   -0.11787659
   -0.62398980
    0.36604692
    0.28554479
   -0.63692690
    0.27801562
    0.05514350
   -0.68187370
    0.34810368
    0.35234175
   -0.68033839
    0.33174659
    0.35610222
   -0.68416575
    0.35910471
    0.32070699
   -0.66777783
    0.31438959
    0.33794256
   -0.69100265
    0.35095049
    0.32896848
   -0.67269951
    0.35965976
    0.34535558
   -0.66723803
    0.32631888
    0.32663080
