    0.07028760
   -0.01869814
    0.28616603
    0.11217405
   -0.19182003
    0.06163869
   -0.12042086
   -0.62223584
    0.36461029
    0.27712406
   -0.65333475
    0.29961317
    0.08252461
   -0.68490736
    0.33028939
    0.34536956
   -0.68780966
    0.36697313
    0.36217214
   -0.68102921
    0.35229700
    0.32776193
   -0.65036907
    0.33626248
    0.35511941
   -0.68853187
    0.35008933
    0.31511538
   -0.67276789
    0.32340461
    0.35293195
   -0.71963089
    0.35731451
    0.36231627
