           1           2  0.974070060738752     
           2           4  0.961098347403505     
           2           5  0.981641847513080     
           3           5  0.850731135294494     
           2           7   1.01086622049400     
           6           7  0.968710372942166     
           7           9  0.943672514229333     
           8           9   1.48987144284760     
           5          10  0.855376025208413     
           8          11  0.198358747930774     
           9          11   1.45812692861440     
           5          12  0.815594085687719     
           7          13  0.949379580648970     
          14          15  0.856250665338053     
          14          16  0.876449362538546     
          17          18  0.862342025533828     
          17          19  0.866200290307181     
          20          21  0.872214770026798     
          20          22  0.844625523536251     
          23          24  0.866184625516375     
          23          25  0.856159790700823     
          26          27  0.872756524123118     
          26          28  0.824799023660812     
          29          30  0.846695977488645     
          29          31  0.871908303172118     
          32          33  0.872171767978001     
          32          34  0.868572446475333     
