    0.10411829
   -0.02588739
    0.29949175
    0.10389704
   -0.18631715
    0.09144695
   -0.12579048
   -0.60678047
    0.36653907
    0.30563031
   -0.64103050
    0.29318544
    0.08388642
   -0.68884640
    0.34735497
    0.33767702
   -0.68566349
    0.35169501
    0.33077825
   -0.66747659
    0.32365942
    0.34262256
   -0.68919498
    0.32073241
    0.33679633
   -0.69330887
    0.31688928
    0.35238445
   -0.68380164
    0.34171473
    0.35189736
   -0.67283149
    0.32129447
    0.34323794
