           1           2  0.963011811393872     
           2           4  0.968014289022218     
           2           5  0.967481664563494     
           3           5  0.898225744347107     
           2           7   1.01008309731759     
           6           7  0.958542673534929     
           7           9  0.951812655174933     
           8           9   1.48258194401163     
           5          10  0.800035629863209     
           8          11  0.188101565184483     
           9          11   1.44489115661820     
           5          12  0.900804086710061     
           7          13  0.945558209853492     
          14          15  0.876887858951413     
          14          16  0.845467850767561     
          17          18  0.873139251506466     
          17          19  0.846793154811319     
          20          21  0.842325576989081     
          20          22  0.843536614080835     
          23          24  0.885070443194174     
          23          25  0.846867044588232     
          26          27  0.860396801609183     
          26          28  0.874725686724061     
          29          30  0.808468897781015     
          29          31  0.871286549295548     
          32          33  0.847027404428604     
          32          34  0.834821433161896     
