   -0.18706477
   -0.02787932
   -0.07656319
   -0.10618133
    0.35995914
   -0.64412441
   -0.60837835
    0.27902833
    0.29597236
    0.09286843
    0.09864311
    0.07383939
    0.05694273
    0.06463955
    0.02988382
    0.29244510
   -0.71480557
    0.35778554
    0.35701990
   -0.70072757
    0.34906458
    0.31111052
   -0.67134866
    0.32991415
    0.34865886
   -0.67925182
    0.34040182
    0.35867844
   -0.69938844
    0.35222006
    0.35233804
   -0.66601982
    0.32614468
    0.35101612
   -0.70559373
    0.35571684
    0.35303547
