           1           2  0.977689182021008     
           2           3   1.01249883165346     
           3           4   1.00111397771979     
           4           5  0.953578724411562     
           5           6   1.49303280863281     
           5           7   1.43364526473893     
           6           7  0.192686807245674     
           1           8  0.908452792343699     
           1           9  0.823058340004758     
           2          10  0.970292237137040     
           2          11  0.962920442494619     
           3          12  0.966101364273538     
           3          13  0.972795751895344     
           4          14  0.948895040417423     
           4          15  0.977213876069718     
           1          16  0.809615908317993     
          17          18  0.871864198763929     
          17          19  0.872411463774170     
          20          21  0.877968276458923     
          20          22  0.848249378384963     
          23          24  0.868332578454492     
          23          25  0.875818158277149     
          26          27  0.831401104021550     
          26          28  0.867391832848655     
          29          30  0.874675443947851     
          29          31  0.874943657119038     
          32          33  0.879309819963703     
          32          34  0.846708258419781     
          35          36  0.872469833617191     
          35          37  0.874558013415267     
