   -0.17682174
   -0.03099299
   -0.07280170
   -0.10382888
    0.36273374
   -0.62471694
   -0.66771337
    0.29414733
    0.28130781
    0.10344375
    0.09536298
    0.05433776
    0.05526212
    0.05311180
    0.04377837
    0.31140385
   -0.65922623
    0.35794222
    0.33982944
   -0.69853192
    0.36030714
    0.36313958
   -0.68237358
    0.36308324
    0.36029301
   -0.68911865
    0.35478572
    0.33835363
   -0.69533471
    0.34947726
    0.30507231
   -0.67312146
    0.34137209
    0.31311156
   -0.69949189
    0.31778694
    0.35463042
