           1           2  0.982966937662404     
           2           3   1.00911316195698     
           3           4   1.00778794815470     
           4           5  0.946975017736797     
           5           6   1.53915788622336     
           5           7   1.39794413306041     
           6           7  0.195299802938952     
           1           8  0.843942043288836     
           1           9  0.906213130984517     
           2          10  0.962245379297515     
           2          11  0.968833518685788     
           3          12  0.975313975422947     
           3          13  0.971037513572114     
           4          14  0.954053204320511     
           4          15  0.969107355115041     
           1          16  0.805863474110876     
          17          18  0.867984548698688     
          17          19  0.846928534926684     
          20          21  0.867289880492547     
          20          22  0.864928816326714     
          23          24  0.864818721431345     
          23          25  0.866200005817344     
          26          27  0.873217358812149     
          26          28  0.884662435272580     
          29          30  0.877288467361982     
          29          31  0.850894961046788     
          32          33  0.880747268988442     
          32          34  0.838468288927561     
          35          36  0.861495020746585     
          35          37  0.874185320342498     
