   -0.18748860
   -0.02326188
   -0.07578835
   -0.10260475
    0.36003634
   -0.64987312
   -0.62435751
    0.29769796
    0.28977860
    0.09625500
    0.08461674
    0.07133532
    0.05655114
    0.04723873
    0.02446988
    0.27781313
   -0.69829048
    0.36797583
    0.36221540
   -0.68416064
    0.35875798
    0.34355489
   -0.67862886
    0.32044435
    0.34886685
   -0.66728615
    0.34070653
    0.35364296
   -0.66208674
    0.33995283
    0.31541901
   -0.70623541
    0.35429391
    0.35506045
   -0.67285617
    0.32856189
    0.33767293
