   -0.19043148
   -0.02738095
   -0.07627399
   -0.10122427
    0.36765437
   -0.63465018
   -0.62428767
    0.28494662
    0.28771497
    0.08616075
    0.09545389
    0.07503228
    0.06287132
    0.04060680
    0.04966640
    0.30065425
   -0.64923646
    0.35272631
    0.33593457
   -0.64809334
    0.30812716
    0.33811621
    0.34267811
   -0.66908940
    0.34416726
   -0.68837717
    0.35230192
    0.31559798
    0.33526111
   -0.65126628
    0.35942186
    0.32411864
   -0.67841710
    0.31231688
    0.33908005
   -0.68811785
    0.35216255
    0.35240019
   -0.67576801
    0.31031355
    0.34669072
   -0.69966614
    0.35647799
    0.35101067
   -0.67683920
    0.32490162
    0.34430573
   -0.69067978
    0.35037470
    0.30523654
   -0.68907468
    0.35438998
