           1           2  0.990497580715891     
           2           3   1.00404047513892     
           3           4  0.983911139986684     
           4           5  0.961171172586553     
           5           6   1.44059989259666     
           5           7   1.46385235547338     
           6           7  0.184674333685724     
           1           8  0.847003921853169     
           1           9  0.843213452371783     
           2          10  0.971072790878767     
           2          11  0.963343359479341     
           3          12  0.962506609186871     
           3          13  0.971697513999086     
           4          14  0.974968441174599     
           4          15  0.970160627107590     
           1          16  0.812200865615369     
          17          18  0.872815689082649     
          17          19  0.854554703939934     
          20          21  0.869079194927035     
          20          22  0.877364853926157     
          23          24  0.842280208165644     
          24          25  0.854353418659584     
          26          27  0.873584941350209     
          26          28  0.848145360041773     
          29          30  0.847295593245664     
          30          31  0.866162822095472     
          32          33  0.870162682354288     
          33          34  0.861368262898140     
          35          36  0.860053765121414     
          36          37  0.872607580456020     
          38          39  0.871190448158048     
          39          40  0.848565483275173     
          41          42  0.878529950363980     
          42          43  0.872246729582695     
          44          45  0.872557556342157     
          45          46  0.852395900506562     
          47          48  0.845192858655186     
          48          49  0.874907905438242     
          50          51  0.864757896355861     
          51          52  0.874112079537999     
