   -0.18384914
   -0.03131012
   -0.06894539
   -0.10172180
    0.36428137
   -0.64710319
   -0.63720281
    0.29854228
    0.27961855
    0.09700815
    0.11231782
    0.05130639
    0.05670867
    0.04484882
    0.02317414
    0.31341351
   -0.71621416
    0.35023981
    0.33480986
   -0.65696980
    0.35635014
    0.35038417
   -0.67256796
    0.34568862
    0.31872237
   -0.66382512
    0.34364075
    0.33129885
   -0.71343028
    0.34865940
    0.33975330
   -0.65931431
    0.33588891
    0.33602799
   -0.65723879
    0.32282317
    0.35418583
