           1           2  0.982325583888631     
           2           3   1.01085521219741     
           3           4  0.989945662291590     
           4           5  0.943384979471956     
           5           6   1.39927260278513     
           5           7   1.54395302764236     
           6           7  0.196793786742217     
           1           8  0.847725289095968     
           1           9  0.907227976029734     
           2          10  0.968445505961045     
           2          11  0.954264235601379     
           3          12  0.974367522419156     
           3          13  0.974091217711313     
           4          14  0.971704329592013     
           4          15  0.979278385631738     
           1          16  0.796754840172682     
          17          18  0.877094573773127     
          17          19  0.844607218820609     
          20          21  0.870457811611879     
          20          22  0.811933052601209     
          23          24  0.876880179180858     
          23          25  0.838674667371913     
          26          27  0.874625558857562     
          26          28  0.854474923876338     
          29          30  0.878162766640074     
          29          31  0.849365452720614     
          32          33  0.835692217358067     
          32          34  0.841232210158151     
          35          36  0.841532923056107     
          35          37  0.869109895436089     
