           1           2  0.982707128726682     
           2           3   1.00921694391109     
           3           4   1.00730819953408     
           4           5  0.942009758392747     
           5           6   1.48512223362364     
           5           7   1.46347483081949     
           6           7  0.200819018816737     
           1           8  0.840353685117416     
           1           9  0.902743081147772     
           2          10  0.968795931680499     
           2          11  0.967466591114407     
           3          12  0.970521786240279     
           3          13  0.975298519597304     
           4          14  0.970347131880221     
           4          15  0.958144876870290     
           1          16  0.829357700334394     
          17          18  0.863491842510204     
          17          19  0.872791150432756     
          20          21  0.863937019668212     
          20          22  0.862480200556470     
          23          24  0.841226972475638     
          23          25  0.890340683552368     
          26          27  0.846993738830958     
          26          28  0.878869621447826     
