   -0.19507107
   -0.01930871
   -0.07424489
   -0.10903450
    0.36113854
   -0.66098146
   -0.64330093
    0.28097114
    0.30561014
    0.11160014
    0.05674128
    0.05354190
    0.09106850
    0.05413263
    0.02875664
    0.27990428
   -0.69348983
    0.35632744
    0.36444926
   -0.68041887
    0.35435783
    0.33307810
   -0.64133932
    0.33813874
    0.34757504
   -0.69482336
    0.34097132
    0.33652484
   -0.66169134
    0.32400090
    0.33584197
   -0.68986165
    0.35756727
    0.35211747
   -0.68479428
    0.33378487
    0.35015996
