           1           2  0.977195850231084     
           2           3   1.01026544700372     
           3           4  0.992353375231938     
           4           5  0.940102020256957     
           5           6   1.51775227106864     
           5           7   1.43683805078699     
           6           7  0.203143175294259     
           1           8  0.907608967461783     
           1           9  0.798202748606283     
           2          10  0.958328225037473     
           2          11  0.975358451908440     
           3          12  0.974465696279831     
           3          13  0.964870730013443     
           4          14  0.969057951369300     
           4          15  0.979436495593439     
           1          16  0.829366403209829     
          17          18  0.869768497895718     
          17          19  0.864254018310143     
          20          21  0.871524346624336     
          20          22  0.855021497114260     
          23          24  0.873310028442971     
          23          25  0.842946294437283     
          26          27  0.879825749329601     
          26          28  0.850982178276279     
          29          30  0.864556970792847     
          29          31  0.843120801104488     
          32          33  0.870180585877244     
          32          34  0.873497332572919     
          35          36  0.819517334398522     
          35          37  0.872069199264437     
