    0.06722614
   -0.01496949
    0.29801425
    0.10587294
   -0.19600669
    0.03921054
   -0.11773114
   -0.63777100
    0.36285010
    0.27531875
   -0.66519198
    0.30051952
    0.06960096
   -0.69964460
    0.34684717
    0.34667076
   -0.68179060
    0.35078499
    0.35198120
   -0.67197586
    0.34898743
    0.35127353
   -0.63790528
    0.35046654
    0.32667675
   -0.69006216
    0.34403606
    0.34347667
   -0.69062346
    0.36004352
    0.35269654
   -0.68161584
    0.34430214
    0.34843160
