           1           2  0.973894981190902     
           2           4  0.964757087517071     
           2           5  0.987860326614299     
           3           5  0.835946773622836     
           2           7   1.00984789224219     
           6           7  0.975807006322700     
           7           9  0.931253205454658     
           8           9   1.45867418182977     
           5          10  0.853986110016121     
           8          11  0.207115420209806     
           9          11   1.51058176709670     
           5          12  0.811822305309963     
           7          13  0.956660061546478     
          14          15  0.874979739617631     
          14          16  0.818477674357658     
          17          18  0.869146157777083     
          17          19  0.824472438133518     
          20          21  0.870504213980466     
          20          22  0.817271905685590     
          23          24  0.821679562315529     
          23          25  0.854593597779591     
          26          27  0.846670217782182     
          26          28  0.845804917774752     
          29          30  0.866946316338393     
          29          31  0.872671316931287     
          32          33  0.835930209597984     
          32          34  0.874161324540061     
