   -0.18588571
   -0.02846957
   -0.07178796
   -0.10324257
    0.36533130
   -0.62704198
   -0.60087727
    0.30518092
    0.28272856
    0.10129193
    0.09186675
    0.05530193
    0.05934709
    0.06241528
    0.02708658
    0.27633252
   -0.66244236
    0.34109753
    0.34377226
   -0.65145377
    0.32908993
    0.33796512
   -0.67792187
    0.34607074
    0.31789226
   -0.68222641
    0.33893299
    0.35775950
    0.32994580
    0.32778619
   -0.65468276
    0.33588879
    0.34144917
   -0.68368975
   -0.68673427
    0.35310714
    0.32725999
   -0.69722362
    0.35144122
    0.34270350
    0.33691608
   -0.67499098
    0.33900089
    0.34522275
   -0.67815583
    0.31265986
   -0.66496910
    0.33244370
    0.33368801
   -0.69886702
    0.33771177
    0.34397474
