           1           2  0.988323853371777     
           2           3   1.01135919328346     
           3           4  0.991492502258404     
           4           5  0.963580719113965     
           5           6   1.50344200293407     
           5           7   1.39912231009514     
           6           7  0.183944810097314     
           1           8  0.799474960482105     
           1           9  0.845522965435457     
           2          10  0.964627844516341     
           2          11  0.966750824703461     
           3          12  0.973061072504029     
           3          13  0.973008337362354     
           4          14  0.955037328844813     
           4          15  0.980151899572849     
           1          16  0.863621774233958     
          17          18  0.835604227000454     
          17          19  0.825396630634586     
          20          21  0.881485796953357     
          20          22  0.833742418519362     
          23          24  0.876270143343654     
          23          25  0.850819111347273     
          26          27  0.840778689574765     
          26          28  0.869046630482138     
          29          31  0.841925637311318     
          30          31  0.847831622713250     
          32          34  0.832408187450522     
          33          34  0.879735757613363     
          35          36  0.872290893277514     
          35          37  0.844207976754900     
          38          39  0.872502327283548     
          38          40  0.826264827977438     
          41          42  0.855119348466048     
          42          43  0.853755427177191     
          44          45  0.819905096338780     
          45          46  0.883457372095830     
          47          48  0.863007568466016     
          47          49  0.848281945840327     
          50          51  0.856859840194493     
          50          52  0.880437370363076     
