    0.07812696
   -0.01873902
    0.29567840
    0.11103042
   -0.18090600
    0.06533088
   -0.11880047
   -0.61491887
    0.36484389
    0.28471822
   -0.65022971
    0.29160404
    0.07031788
   -0.70279723
    0.36297270
    0.36009876
   -0.67450169
    0.32554808
    0.32552098
   -0.68943441
    0.30616777
    0.32601884
   -0.67607091
    0.31982111
    0.35666695
   -0.69908386
    0.35212388
    0.35232277
   -0.68169834
    0.35055147
    0.36794363
   -0.68579172
    0.36618546
    0.35937917
