           1           2  0.972594831723318     
           2           4  0.959671618436526     
           2           5  0.979925808525592     
           3           5  0.846454808191973     
           2           7   1.01068249562118     
           6           7  0.966944945044271     
           7           9  0.944455458263759     
           8           9   1.49214468499156     
           5          10  0.847351004096885     
           8          11  0.196481534781933     
           9          11   1.44909869309205     
           5          12  0.851876490927906     
           7          13  0.953523082285917     
          14          15  0.866734692350695     
          14          16  0.868743497215230     
          17          18  0.864339699391896     
          17          19  0.852966668680303     
          20          21  0.860237113865510     
          20          22  0.857333754674725     
          23          24  0.854175970276521     
          23          25  0.870705721509925     
          26          27  0.875227456092054     
          26          28  0.875176497174720     
          29          30  0.872941561890229     
          29          31  0.861968059661573     
          32          33  0.862071825709703     
          32          34  0.867409602269776     
