   -0.18121752
   -0.02168251
   -0.07311675
   -0.09999570
    0.35987595
   -0.63732370
   -0.67276573
    0.27699228
    0.30177998
    0.10183590
    0.07725946
    0.04940316
    0.06713392
    0.03993729
    0.02697638
    0.30701426
   -0.70298172
    0.31407258
    0.35134846
   -0.69751350
    0.35373734
    0.34653823
   -0.71069485
    0.35487846
    0.35581632
   -0.66159509
    0.33511734
    0.36283235
   -0.66647255
    0.35735172
    0.33535074
   -0.68702206
    0.35800398
    0.35134884
   -0.69827354
    0.36794282
    0.35810747
