           1           2  0.983949498174770     
           2           3   1.01008305449779     
           3           4   1.00978330091518     
           4           5  0.933343540862536     
           5           6   1.46530882881807     
           5           7   1.49701038047558     
           6           7  0.207316678006587     
           1           8  0.908701998540569     
           1           9  0.823432580623661     
           2          10  0.963453247922095     
           2          11  0.970389946605458     
           3          12  0.973961007412547     
           3          13  0.972517977143959     
           4          14  0.966550254180716     
           4          15  0.965412217572764     
           1          16  0.815251498702453     
          17          18  0.849916688091129     
          17          19  0.876386184229775     
          20          21  0.873897252351910     
          20          22  0.879397339097356     
          23          24  0.873981918066369     
          23          25  0.873315455995390     
          26          27  0.854237180150562     
          26          28  0.864216322208892     
          29          30  0.868425552752601     
          29          31  0.846161871569210     
          32          33  0.869182318251472     
          32          34  0.872877361527205     
          35          36  0.862098204207536     
          35          37  0.869460957743838     
