           1           2  0.983702300980162     
           2           3   1.00801573182877     
           3           4   1.00755777680907     
           4           5  0.937167165620709     
           5           6   1.51547597732236     
           5           7   1.43929438506244     
           6           7  0.201326720887977     
           1           8  0.868463990360303     
           1           9  0.851559037830479     
           2          10  0.963026034692487     
           2          11  0.963310211560658     
           3          12  0.976613872097968     
           3          13  0.969818627280982     
           4          14  0.958171983056794     
           4          15  0.973410515002282     
           1          16  0.839969923692655     
          17          18  0.847429464991539     
          17          19  0.868886153612941     
          20          21  0.874745299732820     
          20          22  0.877672428775328     
          23          24  0.865839486880912     
          23          25  0.867410296837020     
          26          27  0.880373505352856     
          26          28  0.843661575081968     
          29          30  0.871848292287675     
          29          31  0.861888635364357     
          32          33  0.865965240037112     
          32          34  0.879044706833710     
          35          36  0.883099110491583     
          35          37  0.874545718022704     
