    0.08150712
   -0.01791881
    0.29418630
    0.10047784
   -0.18913465
    0.05557979
   -0.11877213
   -0.61317028
    0.36608137
    0.29347160
   -0.64235479
    0.31066296
    0.08603671
   -0.66674427
    0.33397331
    0.30776014
   -0.66562748
    0.32898856
    0.35959828
   -0.68711655
    0.35383263
    0.33079392
   -0.69086767
    0.35691225
    0.33170202
   -0.66319857
    0.33167099
    0.31712223
   -0.68249743
    0.34698846
    0.32266028
   -0.69672203
    0.35889347
    0.36522440
