           1           2  0.971789791173742     
           2           4  0.968435957479528     
           2           5  0.980815881033624     
           3           5  0.900639486980252     
           2           7   1.01288160476574     
           6           7  0.968616893240687     
           7           9  0.945416568059744     
           8           9   1.44032091245250     
           5          10  0.845875493672911     
           8          11  0.197291459014022     
           9          11   1.50155832073106     
           5          12  0.806848955983092     
           7          13  0.947846854853502     
          14          15  0.843519413235368     
          14          16  0.870737535194075     
          17          18  0.835111144117825     
          17          19  0.863635784978647     
          20          21  0.872549793917797     
          20          22  0.843874992422307     
          23          24  0.869051341571702     
          23          25  0.850296677692738     
          26          27  0.853148810292323     
          26          28  0.854293867586780     
          29          30  0.876361292663158     
          29          31  0.832820648487184     
          32          33  0.869344361320184     
          32          34  0.864629682472447     
