   -0.19067100
   -0.02743144
   -0.07072775
   -0.10242916
    0.36195635
   -0.64877158
   -0.61823200
    0.29126956
    0.29217421
    0.11289250
    0.07759681
    0.05537951
    0.05490130
    0.04399918
    0.01909317
    0.27860347
   -0.66017376
    0.34860200
    0.33026545
   -0.68413879
    0.33550693
    0.35392976
   -0.66877504
    0.35542950
    0.34756245
   -0.69763476
    0.33609171
    0.33039262
   -0.67755023
    0.34824579
    0.34237533
   -0.66940014
    0.34968092
    0.33184381
   -0.68320067
    0.35168481
    0.34965919
