           1           2  0.986512127905603     
           2           3   1.01140253434018     
           3           4  0.997601331121861     
           4           5  0.941098171372892     
           5           6   1.53407648430182     
           5           7   1.41422952951562     
           6           7  0.199375710429532     
           1           8  0.848699512689952     
           1           9  0.826205375296608     
           2          10  0.956576225496251     
           2          11  0.970011213192968     
           3          12  0.973122194062763     
           3          13  0.973878770229569     
           4          14  0.960659161604059     
           4          15  0.981024385171065     
           1          16  0.832156637690034     
          17          18  0.872199052560951     
          17          19  0.841919780684228     
          20          21  0.844010072993384     
          20          22  0.869054615979619     
          23          24  0.865196793882409     
          23          25  0.827936231740457     
          26          27  0.883863541426440     
          26          28  0.839001710529073     
          29          30  0.843583735640378     
          29          31  0.876974254442505     
          32          33  0.837498528063498     
          32          34  0.857105616593769     
          35          36  0.868629348969582     
          35          37  0.832697955424432     
