   -0.18954292
   -0.02003963
   -0.07085773
   -0.10784739
    0.36431601
   -0.64362719
   -0.61045288
    0.29615234
    0.30260435
    0.10589209
    0.06280172
    0.04874943
    0.07004854
    0.05280883
    0.04315304
    0.27282589
   -0.67035721
    0.34681656
    0.35617959
   -0.69626510
    0.31307447
    0.34269460
   -0.68387593
    0.31392994
    0.35412577
   -0.66901110
    0.34158937
    0.34972627
   -0.68591680
    0.34500122
    0.34628146
   -0.67853683
    0.36280141
    0.36071888
   -0.69463833
    0.31916391
    0.34951334
