           1           2  0.987158176967114     
           2           3   1.00886159256959     
           3           4  0.989328059713057     
           4           5  0.950983468777543     
           5           6   1.44246061387188     
           5           7   1.49438914138330     
           6           7  0.196593519238062     
           1           8  0.848314177269341     
           1           9  0.807558879120493     
           2          10  0.966086989028950     
           2          11  0.975028132895656     
           3          12  0.975481162505213     
           3          13  0.973409615960012     
           4          14  0.970274502054728     
           4          15  0.972902683849526     
           1          16  0.857326571535272     
          17          18  0.844161028785973     
          17          19  0.865491161750125     
          20          21  0.847949641377585     
          20          22  0.882119894569013     
          23          24  0.841727858895890     
          23          25  0.870534894663025     
          26          27  0.851619700586809     
          26          28  0.842825586289973     
          29          30  0.851463350039233     
          29          31  0.875572093010629     
          32          33  0.864649484866123     
          32          34  0.866783592215243     
          35          36  0.858844501861903     
          35          37  0.877368968804621     
