   -0.17614993
   -0.03465876
   -0.06759940
   -0.10284097
    0.36281824
   -0.65843608
   -0.65633863
    0.27511815
    0.30317813
    0.11975574
    0.08603871
    0.03813439
    0.06462955
    0.04782068
    0.02483722
    0.31724258
   -0.66072017
    0.32609117
    0.34528931
   -0.71777814
    0.35496350
    0.36281449
   -0.67356561
    0.34392367
    0.35315779
   -0.67999464
    0.34799645
    0.30757009
   -0.68506988
    0.34893996
    0.35255798
   -0.67783620
    0.34740291
    0.33507081
   -0.67942416
    0.35026338
    0.35479770
