           1           2  0.985805832325846     
           2           3   1.00673478506388     
           3           4  0.996136607610989     
           4           5  0.936168463150186     
           5           6   1.51319437784913     
           5           7   1.44511657343770     
           6           7  0.204128322961249     
           1           8  0.909390712649621     
           1           9  0.833765768678158     
           2          10  0.955371334473924     
           2          11  0.970319605986066     
           3          12  0.977084266914642     
           3          13  0.969977721734775     
           4          14  0.966947844287904     
           4          15  0.981759658953765     
           1          16  0.808516312915891     
          17          18  0.856213136816879     
          17          19  0.876024030532531     
          20          21  0.873836660330904     
          20          22  0.868203042552718     
          23          24  0.872635557026702     
          23          25  0.820357412700998     
          26          27  0.872380057147090     
          26          28  0.836602255919041     
          29          30  0.874763996868791     
          29          31  0.842169260974332     
          32          33  0.849159421481136     
          32          34  0.843890629489253     
          35          36  0.867262168949563     
          35          37  0.799602882219852     
