           1           2  0.978432480735789     
           2           3   1.00947435266925     
           3           4   1.00927595177244     
           4           5  0.949899287349951     
           5           6   1.51132403447834     
           5           7   1.41475910786012     
           6           7  0.192150778286289     
           1           8  0.799942757850054     
           1           9  0.898823584858647     
           2          10  0.969210411416745     
           2          11  0.967651147334309     
           3          12  0.960468992927781     
           3          13  0.974693590054768     
           4          14  0.964475986410998     
           4          15  0.955371892660124     
           1          16  0.893667000026683     
          17          18  0.851566722269574     
          17          19  0.877949482039190     
          20          21  0.853526359011033     
          20          22  0.863785564963352     
          23          24  0.865259471508666     
          23          25  0.866164752458673     
          26          27  0.859560492820845     
          26          28  0.873357445959351     
          29          30  0.857813790007771     
          29          31  0.870499111401764     
          32          33  0.869779147054899     
          32          34  0.855178886699045     
          35          36  0.869489939236286     
          35          37  0.846592579861346     
