   -0.18803176
   -0.02413167
   -0.07717802
   -0.10603488
    0.36046070
   -0.63913583
   -0.67939879
    0.27161860
    0.31098325
    0.10695684
    0.06111973
    0.03878680
    0.08724661
    0.06031714
    0.02908632
    0.30098612
   -0.68957557
    0.35576058
    0.35035665
   -0.68045190
    0.33355379
    0.33648371
   -0.67031835
    0.33379857
    0.35532052
   -0.68716461
    0.34964347
    0.31224240
   -0.68194976
    0.34916721
    0.35183265
   -0.63918071
    0.34694378
    0.34968630
   -0.66542068
    0.35979582
    0.31582496
