           1           2  0.985711032550876     
           2           3   1.00837145178482     
           3           4   1.00816263921421     
           4           5  0.938740834526926     
           5           6   1.52491653572529     
           5           7   1.42437166711927     
           6           7  0.199505445290071     
           1           8  0.911358066770340     
           1           9  0.799286011601396     
           2          10  0.957217575456462     
           2          11  0.973600945264998     
           3          12  0.976606661908843     
           3          13  0.963193931016323     
           4          14  0.963620846932837     
           4          15  0.960002254390341     
           1          16  0.820184825195909     
          17          18  0.871216179682056     
          17          19  0.844138934534288     
          20          21  0.885639835860410     
          20          22  0.857677412113957     
          23          24  0.844377348698575     
          23          25  0.867834906958704     
          26          27  0.872079106280850     
          26          28  0.829595973458954     
          29          30  0.824310976654362     
          29          31  0.871870296701590     
          32          33  0.866269997900399     
          32          34  0.832455955200158     
          35          36  0.864073634673792     
          35          37  0.863295466606873     
