    0.06666610
   -0.01621803
    0.29143009
    0.10654323
   -0.18919557
    0.04110085
   -0.11447880
   -0.63364280
    0.36217901
    0.28022469
   -0.64277094
    0.30062364
    0.07255787
   -0.67477337
    0.32413240
    0.34446582
   -0.67662767
    0.34512850
    0.36288913
   -0.66968768
    0.35179972
    0.33705878
   -0.65293225
    0.34210043
    0.32456617
   -0.67587379
    0.35475978
    0.32792268
   -0.68125413
    0.32537743
    0.34583293
   -0.68195401
    0.35889229
    0.34315750
