   -0.11782981
    0.36655911
   -0.65999901
   -0.64413100
   -0.02478730
   -0.16099493
    0.05401419
    0.05460773
    0.10730941
    0.11055537
    0.28612945
    0.29239080
    0.32029937
   -0.69792154
    0.32740067
    0.33121562
   -0.65037014
    0.36211968
    0.34432497
   -0.67697929
    0.34627173
    0.32837708
   -0.68997908
    0.34162079
    0.32341060
   -0.69258357
    0.33600042
    0.33882818
   -0.69109905
    0.36435724
    0.35957236
   -0.66500272
    0.32563699
    0.35067571
