           1           2  0.924672971422749     
           2           3   1.50928258107225     
           2           4   1.45639022526482     
           3           4  0.204836853563870     
           1           5   1.01673772008057     
           5           6  0.974313347274244     
           1           7  0.963452552377647     
           1           8  0.964361560937376     
           5           9  0.963208422976463     
           5          10  0.962292768599366     
           6          11  0.903561249918086     
           6          12  0.899591997439540     
           6          13  0.807916613640277     
          14          15  0.837758384467997     
          14          16  0.889954380971276     
          17          18  0.863599750389915     
          17          19  0.831588204277092     
          20          21  0.875587888087086     
          20          22  0.843818697598840     
          23          24  0.821343244629141     
          23          25  0.862025774959330     
          26          27  0.844339340156057     
          26          28  0.838793901073762     
          29          30  0.865181888680609     
          29          31  0.868070711534431     
          32          33  0.830499573489393     
          32          34  0.871032153316276     
