    0.10190816
   -0.02450641
    0.30917698
    0.11934381
   -0.18472688
    0.06221430
   -0.11685163
   -0.61929844
    0.36547903
    0.28319945
   -0.63402449
    0.28625755
    0.05761365
   -0.66411789
    0.35948729
    0.32678852
   -0.69204745
    0.33924061
    0.31949572
   -0.69586185
    0.35267289
    0.32332194
   -0.64806299
    0.35875853
    0.34628634
   -0.68042998
    0.35422650
    0.31338562
   -0.68162042
    0.33035885
    0.35796108
   -0.71721968
    0.35583914
    0.33575218
