           1           2  0.964000284758033     
           2           4  0.957545198116016     
           2           5  0.976713411092934     
           3           5  0.806504167159984     
           2           7   1.00147929628301     
           6           7  0.972847629803306     
           7           9  0.945013866933560     
           8           9   1.44881486308758     
           5          10  0.848251683352037     
           8          11  0.197765153150608     
           9          11   1.49250959574478     
           5          12  0.905130751263992     
           7          13  0.963076230497457     
          14          15  0.866104241370022     
          14          16  0.848913049979689     
          17          18  0.884645041255162     
          17          19  0.851686039097198     
          20          21  0.874043678471304     
          20          22  0.861404759592471     
          23          24  0.868128170826529     
          23          25  0.828987372319750     
          26          27  0.870057738798839     
          26          28  0.841158836219724     
          29          30  0.846354088155925     
          29          31  0.868595218734669     
          32          33  0.873171265304152     
          32          34  0.851177904893497     
