   -0.18851463
   -0.02505623
   -0.08455775
   -0.09921201
    0.36369755
   -0.65287361
   -0.65009542
    0.30102144
    0.31003560
    0.08662293
    0.08314929
    0.07323975
    0.08465180
    0.03895990
    0.02502913
    0.29059202
   -0.70888404
    0.34057506
    0.32179309
   -0.65231480
    0.31565761
    0.35356950
   -0.67468606
    0.35217873
    0.35125701
   -0.68315308
    0.35761264
    0.32852189
   -0.63965935
    0.33467695
    0.33893525
   -0.66958388
    0.34967910
    0.31108780
   -0.68604048
    0.35165696
    0.35043030
