           1           2  0.985866698081888     
           2           3   1.00801326114319     
           3           4   1.00715452051653     
           4           5  0.938287081029139     
           5           6   1.40572300580569     
           5           7   1.53353218778832     
           6           7  0.191924957660224     
           1           8  0.833051623584511     
           1           9  0.803538340593337     
           2          10  0.970156565808207     
           2          11  0.970845879033632     
           3          12  0.966221157393908     
           3          13  0.960309224823867     
           4          14  0.958063748299258     
           4          15  0.975485385041245     
           1          16  0.902389140677560     
          17          18  0.843928816781016     
          17          19  0.863574134459425     
          20          21  0.854689343932993     
          20          22  0.869484465885065     
          23          24  0.868478564679745     
          23          25  0.813078496378282     
          26          27  0.867528445235007     
          26          28  0.849413426372050     
          29          30  0.847431412621010     
          29          31  0.832049170730593     
          32          33  0.874218256614422     
          32          34  0.845382402824439     
          35          36  0.834363779639918     
          35          37  0.873801029749380     
