    0.08132900
   -0.02238021
    0.29869519
    0.11196687
   -0.18363262
    0.07346919
   -0.12414780
   -0.62473243
    0.36482624
    0.29488261
   -0.64670140
    0.28334193
    0.07861878
   -0.67470362
    0.31651356
    0.32983035
   -0.67902528
    0.35837479
    0.33196751
   -0.70010807
    0.34907827
    0.35719808
   -0.68757027
    0.33465362
    0.33777285
   -0.69968190
    0.34167945
    0.31924711
   -0.68713306
    0.35025057
    0.37100823
   -0.68316437
    0.36662518
    0.36165167
