           1           2  0.972101875943263     
           2           4  0.958721520287375     
           2           5  0.974089420989282     
           3           5  0.838196690937713     
           2           7   1.01260581259766     
           6           7  0.961868393138338     
           7           9  0.942742531612135     
           8           9   1.46148055449612     
           5          10  0.820696854596588     
           8          11  0.198200898844012     
           9          11   1.48648793060619     
           5          12  0.906226430651327     
           7          13  0.949508345536883     
          14          15  0.842800473357978     
          14          16  0.841445724953673     
          17          18  0.868723062950989     
          17          19  0.842655980377349     
          20          21  0.877514502582668     
          20          22  0.871063008745535     
          23          24  0.878902318388746     
          23          25  0.869277877968016     
          26          27  0.882528591208616     
          26          28  0.841703833584218     
          29          30  0.876003752065088     
          29          31  0.859652512428136     
          32          33  0.861816598634056     
          32          34  0.865879784787784     
