           1           2  0.981630684848722     
           2           3   1.00908313790932     
           3           4   1.00659902830289     
           4           5  0.947865830433092     
           5           6   1.54637065118114     
           5           7   1.38336885319520     
           6           7  0.189570567938238     
           1           8  0.909248988719039     
           1           9  0.847469448377693     
           2          10  0.960788324954083     
           2          11  0.965337052202796     
           3          12  0.975007188272747     
           3          13  0.975107025983031     
           4          14  0.957544322220339     
           4          15  0.962323896341131     
           1          16  0.796867474426925     
          17          18  0.868905099844993     
          17          19  0.863408133974605     
          20          21  0.877724662105185     
          20          22  0.859147765649873     
          23          24  0.849394615974992     
          23          25  0.870642032202769     
          26          27  0.867748676290519     
          26          28  0.830241697302544     
          29          30  0.879103175838553     
          29          31  0.865213012804488     
          32          33  0.873856206611738     
          32          34  0.848103700711006     
          35          36  0.877332994946381     
          35          37  0.873661689816001     
