   -0.19627300
   -0.02563514
   -0.07809509
   -0.10245567
    0.36237054
   -0.65286874
   -0.60278198
    0.29757063
    0.28838113
    0.11432703
    0.07605929
    0.07972863
    0.06708244
    0.04173653
    0.02999557
    0.28023656
   -0.65813261
    0.36293182
    0.32811937
   -0.69499039
    0.31368838
    0.33712242
   -0.69055673
    0.35562816
    0.36006924
   -0.69085843
    0.32579039
    0.34449381
   -0.68280594
    0.34918054
    0.32944709
   -0.68589502
    0.33264243
    0.35967872
   -0.66577005
    0.33106837
    0.35976972
