           1           2  0.974760584849768     
           2           3   1.01252642890899     
           3           4   1.00330654065398     
           4           5  0.946024979593782     
           5           6   1.48071765945091     
           5           7   1.46399010716176     
           6           7  0.198811053443764     
           1           8  0.824211640668451     
           1           9  0.808373147810003     
           2          10  0.958570734833254     
           2          11  0.971329364504946     
           3          12  0.965034622512255     
           3          13  0.970569313986524     
           4          14  0.955971919303594     
           4          15  0.976185207447554     
           1          16  0.908170254436456     
          17          18  0.865002358340647     
          17          19  0.854324451785388     
          20          21  0.844103641741657     
          20          22  0.884750871514447     
          23          24  0.869883158124390     
          23          25  0.867302713845321     
          26          27  0.855661433484627     
          26          28  0.880222753016510     
          29          30  0.873404604714565     
          29          31  0.843637741963633     
          32          33  0.849672853965711     
          32          34  0.868519966036742     
          35          36  0.845166439924943     
          35          37  0.867769966597508     
