   -0.18728397
   -0.03128510
   -0.06949056
   -0.10595297
    0.36151697
   -0.64355719
   -0.67595120
    0.27077786
    0.30140013
    0.11854602
    0.08950452
    0.03971499
    0.05729193
    0.05779258
    0.04353731
    0.31172975
   -0.67077488
    0.32504383
    0.34542183
   -0.68815933
    0.30741070
    0.35032167
   -0.67937690
    0.33092169
    0.34844321
   -0.66133375
    0.35495023
    0.31660664
   -0.66912835
    0.36137868
    0.34076427
   -0.66045554
    0.32918718
    0.35358656
   -0.66974895
    0.36072857
    0.33592161
