           1           2  0.981809889749178     
           2           3   1.00938015122769     
           3           4   1.00818122325299     
           4           5  0.940370036568410     
           5           6   1.52565385416633     
           5           7   1.42409766217641     
           6           7  0.200494457471536     
           1           8  0.911568052334693     
           1           9  0.819101324953097     
           2          10  0.957185747104821     
           2          11  0.969671507925499     
           3          12  0.975231027694484     
           3          13  0.972964409502489     
           4          14  0.963978049020192     
           4          15  0.959071858715181     
           1          16  0.812513969492691     
          17          18  0.889625964957809     
          17          19  0.833466693991483     
          20          21  0.828606808500831     
          20          22  0.872262377924334     
          23          24  0.844469297882501     
          23          25  0.866311157862093     
          26          27  0.870485496236135     
          26          28  0.859010196245589     
          29          30  0.865714579211207     
          29          31  0.845859582731048     
          32          33  0.872970761277460     
          32          34  0.872148267813661     
          35          36  0.865501780548042     
          35          37  0.841505433270542     
