    0.07425641
   -0.02061812
    0.30177146
    0.11565782
   -0.18740651
    0.04401502
   -0.11617610
   -0.63489352
    0.36268576
    0.28061427
   -0.65831154
    0.28529212
    0.05775276
   -0.70264390
    0.32820689
    0.35517346
   -0.69826273
    0.36077341
    0.35675286
   -0.66489105
    0.35750735
    0.36665848
   -0.72118138
    0.35737276
    0.36380852
   -0.67472070
    0.34476615
    0.35848922
   -0.69814330
    0.34336492
    0.33444904
   -0.67560670
    0.35034801
    0.35313888
