   -0.18254695
   -0.03179003
   -0.06473369
   -0.10207419
    0.36313442
   -0.63660234
   -0.64923431
    0.29950483
    0.27283021
    0.08542136
    0.11573839
    0.05623701
    0.04503517
    0.03100088
    0.04909974
    0.31196006
   -0.69124421
    0.35226654
    0.34671124
   -0.67438188
    0.35922432
    0.35151586
   -0.65836431
    0.34173654
    0.34928588
   -0.65959592
    0.35356236
    0.31760872
   -0.67911089
    0.30933626
    0.35144871
   -0.68794106
    0.33070194
    0.31410348
   -0.68740786
    0.33860959
    0.35895411
