           1           2  0.987517935551981     
           2           3   1.00546368947580     
           3           4  0.991013475062823     
           4           5  0.943985124550703     
           5           6   1.53332232562428     
           5           7   1.41563081398825     
           6           7  0.202103834322943     
           1           8  0.827796188776962     
           1           9  0.909641396721483     
           2          10  0.970094650310307     
           2          11  0.958183697877347     
           3          12  0.975363072909086     
           3          13  0.975286410645612     
           4          14  0.977981451469683     
           4          15  0.971878559451296     
           1          16  0.795804227849438     
          17          18  0.872327828425694     
          17          19  0.840330592799748     
          20          21  0.867343288095026     
          20          22  0.827405808132465     
          23          24  0.818491924618871     
          23          25  0.870905880367465     
          26          27  0.870907582225882     
          26          28  0.856829461214001     
          29          30  0.838349690329975     
          29          31  0.871689044530442     
          32          33  0.889406565923986     
          32          34  0.844694437549407     
          35          36  0.835315225608251     
          35          37  0.867333739926767     
