           1           2  0.977551496487559     
           2           3   1.00956802582968     
           3           4   1.00895572957207     
           4           5  0.931902089534650     
           5           6   1.46370941880675     
           5           7   1.50235374840104     
           6           7  0.208336398480818     
           1           8  0.822347120157406     
           1           9  0.897180510337765     
           2          10  0.968506710057803     
           2          11  0.967135640350425     
           3          12  0.970595340741191     
           3          13  0.974368537241455     
           4          14  0.971510193711091     
           4          15  0.962882389468681     
           1          16  0.889501728461055     
          17          18  0.863060417134528     
          17          19  0.868273785286636     
          20          21  0.837523771030917     
          20          22  0.892161159353889     
