    0.07373675
   -0.01422532
    0.29043534
    0.08968967
   -0.18735929
    0.04419772
   -0.12220571
   -0.63367747
    0.36347770
    0.29702357
   -0.65379121
    0.28716106
    0.09368862
   -0.64802880
    0.32529221
    0.34129338
   -0.67443681
    0.36155337
    0.36931224
   -0.68948203
    0.31398632
    0.35043980
   -0.69776842
    0.32346743
    0.35130254
   -0.67942583
    0.35618436
    0.36798631
   -0.69105625
    0.34444509
    0.34678362
   -0.71890498
    0.35816039
    0.36074461
