           1           2  0.970806520026913     
           2           4  0.971841686460196     
           2           5  0.990739697220701     
           3           5  0.843079599102754     
           2           7   1.00514200349047     
           6           7  0.978358384706595     
           7           9  0.939257660932340     
           8           9   1.48306038626136     
           5          10  0.805817536426615     
           8          11  0.201110648285031     
           9          11   1.46663308846270     
           5          12  0.857013870084351     
           7          13  0.944184858485410     
          14          15  0.847167935523487     
          14          16  0.854544482522753     
          17          18  0.865018056739136     
          17          19  0.860400066270209     
          20          21  0.834119603891470     
          20          22  0.874507089366401     
          23          24  0.862843858043541     
          23          25  0.876519459309795     
          26          27  0.870749996177971     
          26          28  0.862371450802758     
          29          30  0.846799841011486     
          29          31  0.875434513164627     
          32          33  0.871557731684783     
          32          34  0.869699694048018     
