   -0.18977509
   -0.01648093
   -0.07003205
   -0.10583287
    0.36248540
   -0.66045228
   -0.63748026
    0.29712523
    0.28428859
    0.10938668
    0.06512277
    0.04371047
    0.07499291
    0.04783520
    0.01913877
    0.27366521
   -0.68680498
    0.34946517
    0.33171435
   -0.70193355
    0.35167383
    0.33981894
   -0.67343740
    0.35303738
    0.34441692
   -0.68371071
    0.35476537
    0.37039258
   -0.66613638
    0.34697193
    0.35410986
   -0.67378104
    0.33608840
    0.34323958
   -0.68947362
    0.35956885
    0.34231676
