           1           2  0.983794134716529     
           2           3   1.00863937689487     
           3           4  0.994203958456349     
           4           5  0.934622067735610     
           5           6   1.51656074629027     
           5           7   1.44799429072625     
           6           7  0.206085530172713     
           1           8  0.820647117467793     
           1           9  0.850145946757698     
           2          10  0.965115079351425     
           2          11  0.975123339914812     
           3          12  0.976614935483083     
           3          13  0.972331592456331     
           4          14  0.971335599716937     
           4          15  0.979834635155184     
           1          16  0.842852244597786     
          17          18  0.872746373667089     
          17          19  0.843440992529713     
          20          21  0.870962302601921     
          20          22  0.829211509883092     
          23          24  0.871510326740144     
          23          25  0.821341065962700     
          26          27  0.871936214065879     
          26          28  0.860888559933085     
          29          30  0.842237415402796     
          29          31  0.871935343496406     
          32          33  0.837842692306887     
          32          34  0.879830888318390     
          35          36  0.866813323852217     
          35          37  0.840503167521406     
