           1           2  0.984392993096835     
           2           3   1.01200736751936     
           3           4   1.00206269236983     
           4           5  0.945402292944841     
           5           6   1.49895732018475     
           5           7   1.43986671809342     
           6           7  0.195808675666543     
           1           8  0.849928409342711     
           1           9  0.832893417043437     
           2          10  0.969171936232449     
           2          11  0.969531069196537     
           3          12  0.972690100504168     
           3          13  0.972520696773798     
           4          14  0.955758344605545     
           4          15  0.977457122313441     
           1          16  0.825992492246501     
          17          18  0.847076950652565     
          17          19  0.864906816753483     
          20          21  0.867612017406128     
          20          22  0.861953502549135     
          23          24  0.860917121306374     
          23          25  0.864297622821406     
          26          27  0.852730591207849     
          26          28  0.877667232219937     
