   -0.18418652
   -0.03346755
   -0.08915024
   -0.10632087
    0.36672960
   -0.61850796
   -0.64672888
    0.30206434
    0.30205802
    0.08605791
    0.09054093
    0.07278665
    0.08858135
    0.07025596
    0.04804991
    0.29684210
   -0.67760750
    0.35510929
    0.34453169
   -0.66121941
    0.35265071
    0.34770837
   -0.69296026
    0.31521819
    0.33075372
   -0.67880050
    0.34328888
    0.35687583
   -0.68209165
    0.33406219
    0.32011128
   -0.68026226
    0.34077459
    0.32644757
   -0.67247487
    0.35668730
    0.34973128
   -0.66871317
    0.31647229
    0.33531944
   -0.64559386
    0.32896064
    0.34044303
   -0.67644524
    0.33569029
    0.32900859
   -0.66354069
    0.32481191
    0.33199439
   -0.65747932
    0.34848151
    0.32582330
   -0.69033887
    0.32801857
    0.33553739
   -0.68221362
    0.33440290
    0.33076811
   -0.68073246
    0.34067126
    0.31901772
   -0.68478829
    0.35023069
    0.32785688
   -0.69807032
    0.34416748
    0.34600562
   -0.68566149
    0.34962512
    0.35002577
   -0.70662413
    0.34157197
    0.35500830
   -0.66900847
    0.34000837
    0.31623638
   -0.69213403
    0.35396728
    0.35125587
   -0.67955429
    0.35179404
    0.34657557
   -0.65442329
    0.34245528
    0.34098353
   -0.69815577
    0.32363969
    0.32250892
