           1           2  0.990750274558820     
           2           3   1.00822626968520     
           3           4   1.00761239552056     
           4           5  0.973076652893266     
           5           6   1.43701674885375     
           5           7   1.43831599836033     
           6           7  0.178184422348775     
           1           8  0.820316329339104     
           1           9  0.855195117980882     
           2          10  0.969030133206402     
           2          11  0.966036892562698     
           3          12  0.965029744004796     
           3          13  0.961269807174430     
           4          14  0.945739402893746     
           4          15  0.953634762637978     
           1          16  0.843918248117053     
          17          18  0.868121378805772     
          17          19  0.826716191417819     
          20          21  0.837155670756674     
          20          22  0.835749281096553     
          23          24  0.858471340007468     
          23          25  0.842533213320578     
          26          27  0.873254233241030     
          26          28  0.787968873735899     
          29          30  0.850636494008675     
          29          31  0.856995388345412     
          32          33  0.876991321154417     
          32          34  0.842449100582106     
          35          36  0.811808848253897     
          35          37  0.872431814785637     
          38          39  0.853424826629386     
          38          40  0.868426289730477     
          41          42  0.856375805700021     
          41          43  0.835872527689264     
          44          45  0.833891805944989     
          44          46  0.887163276286579     
          47          48  0.853535832378196     
          47          49  0.842264883089192     
          50          51  0.872591945728188     
          50          52  0.848323308618397     
          53          54  0.890525716949380     
          53          55  0.846345448114651     
          56          57  0.859989520932914     
          56          58  0.854526686916857     
          59          60  0.830807187069628     
          59          61  0.859450018652935     
          62          63  0.840370410021713     
          62          64  0.847501372054729     
          65          66  0.833133846442271     
          65          67  0.876762333908220     
          68          69  0.845648493115271     
          68          70  0.838688165136020     
          71          72  0.879020036646853     
          71          73  0.819314428389224     
          74          75  0.830948202023674     
          74          76  0.860156718712959     
          77          78  0.796981547486264     
          77          79  0.870735419559742     
          80          81  0.817100590883317     
          80          82  0.874595738616980     
          83          84  0.850381709148808     
          83          85  0.849734607073631     
          86          87  0.859064298036259     
          86          88  0.860087179128822     
