    0.09588594
   -0.02015596
    0.30352811
    0.09909295
   -0.18826488
    0.06336217
   -0.11700391
   -0.60451807
    0.36641466
    0.28262869
   -0.63316528
    0.28558476
    0.06785226
   -0.69421098
    0.31018683
    0.34841451
   -0.69964872
    0.32387097
    0.35762555
   -0.68478254
    0.35863437
    0.36670160
   -0.68919535
    0.32611600
    0.31300675
   -0.66783470
    0.34088300
    0.36014068
   -0.69884775
    0.35891949
    0.36624779
   -0.67551169
    0.32793873
    0.35010404
