           1           2  0.964077430331399     
           2           4  0.968385762903672     
           2           5  0.983453060231960     
           3           5  0.819867821000334     
           2           7   1.00686115343391     
           6           7  0.969856295709556     
           7           9  0.949045247902290     
           8           9   1.45968136928481     
           5          10  0.854876123966834     
           8          11  0.197732303364619     
           9          11   1.47849765375817     
           5          12  0.851402570800371     
           7          13  0.954907433821162     
          14          15  0.853699827072424     
          14          16  0.877660081732681     
          17          18  0.839653913743183     
          17          19  0.869926327128731     
          20          21  0.868518248011399     
          20          22  0.862604132471525     
          23          24  0.862861666989793     
          23          25  0.862865758476353     
          26          27  0.847259917007326     
          26          28  0.866925158023716     
          29          30  0.868692339415966     
          29          31  0.863313765705918     
          32          33  0.852721875132922     
          32          34  0.872656253606955     
