   -0.18977952
   -0.02886135
   -0.07247986
   -0.10364627
    0.36232826
   -0.65357128
   -0.61390514
    0.28782651
    0.28790062
    0.10527114
    0.09911136
    0.05786188
    0.05334444
    0.05278327
    0.02293885
    0.27404265
   -0.68619111
    0.36003977
    0.33602494
   -0.67501527
    0.34631926
    0.34092337
   -0.67457538
    0.32588628
    0.34054625
   -0.68367541
    0.35945930
    0.32778406
   -0.69438260
    0.34109984
    0.33530105
   -0.68554238
    0.35923403
    0.35448423
   -0.67143055
    0.33939245
    0.36315230
