           1           2  0.979025324767809     
           2           3   1.01223613680885     
           3           4   1.00445854229406     
           4           5  0.944482016598660     
           5           6   1.52654958420432     
           5           7   1.41708210530503     
           6           7  0.197622591461442     
           1           8  0.843905255095526     
           1           9  0.843211963641965     
           2          10  0.963296785154706     
           2          11  0.962620395349026     
           3          12  0.973321571444503     
           3          13  0.973470509650652     
           4          14  0.954717542229076     
           4          15  0.975101120919042     
           1          16  0.832226232223329     
          17          18  0.867468266624178     
          17          19  0.850121021873114     
          20          21  0.875783453549154     
          20          22  0.834400484827206     
          23          24  0.835707104113123     
          23          25  0.880070178928592     
          26          27  0.867245724423919     
          26          28  0.845667482705993     
          29          30  0.881172083922292     
          29          31  0.856028585043386     
          32          33  0.867373243225210     
          32          34  0.871581114081202     
          35          36  0.831549641279051     
          35          37  0.862699127931011     
