   -0.19185806
   -0.01722137
   -0.08032485
   -0.09998039
    0.36131383
   -0.66910083
   -0.64174206
    0.30463694
    0.30818175
    0.07370301
    0.07418122
    0.08358684
    0.07494437
    0.02510592
    0.03721713
    0.28510299
   -0.68206337
    0.35293794
    0.34562802
   -0.66177860
    0.32745341
    0.35542332
   -0.65525583
    0.36240282
    0.33383261
   -0.67657807
    0.34613419
    0.32783810
   -0.68206414
    0.33309346
    0.34855975
   -0.71412369
    0.36037580
    0.35374787
   -0.67738591
    0.32921985
    0.34485600
