           1           2  0.986476731416490     
           2           3   1.00952023628834     
           3           4   1.00826276964671     
           4           5  0.936873509662280     
           5           6   1.50601530546434     
           5           7   1.44503773995536     
           6           7  0.201134858712377     
           1           8  0.822242816498456     
           1           9  0.803096694427048     
           2          10  0.971886212631925     
           2          11  0.970688103216271     
           3          12  0.964374357117490     
           3          13  0.970146391635709     
           4          14  0.970898339103681     
           4          15  0.959633545464098     
           1          16  0.905732359385186     
          17          18  0.870356275374315     
          17          19  0.811511884604708     
          20          21  0.824725023096476     
          20          22  0.867545068734242     
          23          24  0.861461919131465     
          23          25  0.839317092642253     
          26          27  0.876392248335842     
          26          28  0.844218149325934     
          29          30  0.840721823711047     
          29          31  0.875132786116040     
          32          33  0.870032111444143     
          32          34  0.874763053500207     
          35          36  0.846438506501010     
          35          37  0.847819154636675     
