   -0.18989378
   -0.02189902
   -0.07355823
   -0.10648627
    0.36189896
   -0.64494362
   -0.61266819
    0.28444900
    0.28351533
    0.09552319
    0.08403567
    0.06089971
    0.06005074
    0.04547183
    0.04091200
    0.28623186
   -0.71524207
    0.35868343
    0.35655860
   -0.68129342
    0.35537609
    0.36495749
   -0.68076652
    0.36656645
    0.35970006
   -0.70579926
    0.35312054
    0.35489321
   -0.67998359
    0.32206218
    0.34181852
   -0.70069133
    0.32846665
    0.34803386
   -0.71796042
    0.35965296
    0.35830742
