           1           2  0.983102372688241     
           2           3   1.01113609844129     
           3           4   1.00309418599116     
           4           5  0.945283760249704     
           5           6   1.53419547065786     
           5           7   1.41170012651874     
           6           7  0.199039603461939     
           1           8  0.853216899828280     
           1           9  0.814696376629761     
           2          10  0.969705796804865     
           2          11  0.969802688000928     
           3          12  0.972589641047394     
           3          13  0.972751797236400     
           4          14  0.955867782308407     
           4          15  0.973206905555208     
           1          16  0.845414062339026     
          17          18  0.871203252402386     
          17          19  0.872716937806311     
          20          21  0.871180841677293     
          20          22  0.862942881219500     
          23          24  0.863502513515440     
          23          25  0.868258881284675     
          26          27  0.874936301632012     
          26          28  0.873643375051689     
          29          30  0.839182879416962     
          29          31  0.879748606774633     
          32          33  0.857766716202322     
          32          34  0.878751879263225     
          35          36  0.870456997899229     
          35          37  0.871423877215471     
