   -0.19042074
   -0.02934681
   -0.07232854
   -0.10332132
    0.36643203
   -0.62544604
   -0.61498113
    0.31402773
    0.27710561
    0.09828257
    0.10140428
    0.05369771
    0.06211797
    0.04664926
    0.02761465
    0.28465293
   -0.70145596
    0.34639515
    0.34886912
   -0.67746069
    0.34901836
    0.34576862
   -0.67317769
    0.33164475
    0.33620795
   -0.64977043
    0.33454271
    0.33161864
   -0.68165907
    0.33904254
    0.30887183
   -0.70470583
    0.33167345
    0.33149514
   -0.64085457
    0.34772392
    0.35007191
