           1           2  0.981306227312147     
           2           3   1.00959355944801     
           3           4  0.989346797249790     
           4           5  0.946008748998083     
           5           6   1.51375695717602     
           5           7   1.42705876602747     
           6           7  0.198547403295576     
           1           8  0.790193473519829     
           1           9  0.909219638616572     
           2          10  0.968682670419313     
           2          11  0.960237366366535     
           3          12  0.975031654301058     
           3          13  0.974721500301478     
           4          14  0.973717480802574     
           4          15  0.977800333466890     
           1          16  0.836572209470006     
          17          18  0.834589902597852     
          17          19  0.876274950126269     
          20          21  0.872182979286694     
          20          22  0.826727271647091     
          23          24  0.883608866060761     
          23          25  0.821796569557403     
          26          27  0.830778910789921     
          26          28  0.876415653199511     
          29          30  0.882881786835774     
          29          31  0.851895634947283     
          32          33  0.853921883456010     
          32          34  0.866479234558524     
          35          36  0.855847640761413     
          35          37  0.822195110585270     
