   -0.17922324
   -0.02740394
   -0.07048545
   -0.10399219
    0.36300855
   -0.65648916
   -0.63236166
    0.31157488
    0.27226091
    0.11996873
    0.08251861
    0.04528347
    0.06119051
    0.04022254
    0.01804996
    0.27907111
   -0.67130730
    0.34927454
    0.32456433
   -0.67581228
    0.33172291
    0.34185671
   -0.69868508
    0.35450117
    0.36810398
   -0.69853127
    0.36179013
    0.36024239
   -0.68750514
    0.34292571
    0.34355564
   -0.68634319
    0.34756975
    0.35026918
   -0.65817096
    0.34825193
    0.32853322
