           1           2  0.981095336414673     
           2           3   1.00860874196802     
           3           4  0.993711401386947     
           4           5  0.933193414547506     
           5           6   1.51993195565594     
           5           7   1.44806396125568     
           6           7  0.206753335349129     
           1           8  0.797705224730730     
           1           9  0.908220242730626     
           2          10  0.956566234455345     
           2          11  0.969859908818176     
           3          12  0.976486097303216     
           3          13  0.974802289729854     
           4          14  0.972962822022717     
           4          15  0.979792158998114     
           1          16  0.837055723105484     
          17          18  0.875210419802975     
          17          19  0.858421618731699     
          20          21  0.853225792525834     
          20          22  0.842090697907985     
          23          24  0.872600302344085     
          23          25  0.861502562296230     
          26          27  0.866448697416858     
          26          28  0.868087897476829     
          29          30  0.833593433508693     
          29          31  0.876646876990757     
          32          33  0.874925728189069     
          32          34  0.839892552722541     
          35          36  0.807275045278465     
          35          37  0.850092933057060     
