           1           2  0.981046065949758     
           2           3   1.01384687800865     
           3           4  0.977123296376107     
           4           5  0.980644209947875     
           5           6   1.40767415311756     
           5           7   1.44467593457217     
           6           7  0.172691401787154     
           1           8  0.821743365603748     
           1           9  0.848745162945877     
           2          10  0.945296818845426     
           2          11  0.959238041849499     
           3          12  0.968287917472317     
           3          13  0.948199786465834     
           4          14  0.945822877941638     
           4          15  0.955915292633169     
           1          16  0.865632983157022     
          17          18  0.820921603171401     
          17          19  0.829631360606772     
          20          21  0.867399081285029     
          20          22  0.794666975046960     
          23          24  0.803272802927939     
          23          25  0.882909651546624     
          26          27  0.828336229852114     
          26          28  0.847539351366349     
          29          30  0.827719884095031     
          29          31  0.859181309066787     
          32          33  0.786393762610443     
          32          34  0.843707925946728     
          35          36  0.826215119523985     
          35          37  0.847345108464455     
          38          39  0.790179731133239     
          38          40  0.860832442566489     
          41          42  0.850593659696627     
          41          43  0.839872578455334     
          44          45  0.850021384686497     
          44          46  0.834568510949558     
          47          48  0.845201952345321     
          47          49  0.858569328833493     
          50          51  0.830017127550429     
          50          52  0.861999935877271     
          53          54  0.829480244755218     
          53          55  0.839150513102661     
          56          57  0.816405229297169     
          56          58  0.842056630887669     
          59          60  0.786905788184397     
          59          61  0.881155728088814     
          62          63  0.887946937075819     
          62          64  0.753902450473714     
          65          66  0.821629275785864     
          65          67  0.826748532567171     
          68          69  0.828307396444079     
          68          70  0.852418691521144     
          71          72  0.800901509225936     
          71          73  0.801183200533668     
          74          75  0.818794309709196     
          74          76  0.883201878194626     
          77          78  0.851967362828583     
          77          79  0.845390209084468     
          80          81  0.876656642046286     
          80          82  0.793097716804606     
          83          84  0.836455405619725     
          83          85  0.770300809931602     
          86          87  0.831298869392648     
          86          88  0.841902929261569     
          89          90  0.808730537571812     
          89          91  0.832567284772540     
          92          93  0.824098854633786     
          92          94  0.858271012808478     
          95          96  0.838183091162813     
          95          97  0.874666639510454     
          98          99  0.829354214725779     
          98         100  0.832584181568089     
         101         102  0.796762145818527     
         101         103  0.846988098913745     
         104         105  0.858931378520042     
         104         106  0.826443989949305     
         107         108  0.859699789825629     
         107         109  0.777356804558265     
         110         111  0.854228797019075     
         110         112  0.835903276730795     
         113         114  0.828848386698818     
         113         115  0.848932275666447     
         116         117  0.828337560307072     
         116         118  0.878376822766157     
         119         120  0.823998877656561     
         119         121  0.829520463913892     
         122         123  0.837498385669369     
         122         124  0.833913885216805     
         125         126  0.835556360508847     
         125         127  0.862473276410470     
         128         129  0.773143940114156     
         128         130  0.839686612541569     
         131         132  0.843138123984442     
         131         133  0.834189216989136     
         134         135  0.817845106086648     
         134         136  0.838099046756959     
         137         138  0.791176969306843     
         137         139  0.876857313994330     
         140         141  0.849560137497055     
         140         142  0.830954286532201     
         143         144  0.894853311612064     
         143         145  0.792353552319934     
         146         147  0.819280308779897     
         146         148  0.841623219814585     
         149         150  0.804342756641493     
         149         151  0.828051865342064     
         152         153  0.786279260373852     
         152         154  0.852149146105328     
         155         156  0.819233626646056     
         155         157  0.837963662169130     
         158         159  0.812934877106704     
         158         160  0.821936132569075     
         161         162  0.785399547181127     
         161         163  0.826247303043822     
         164         165  0.882790768455813     
         164         166  0.839702124256338     
         167         168  0.887196183399038     
         167         169  0.843987800496727     
         170         171  0.850677331153012     
         170         172  0.814085708448279     
         173         174  0.818808687586396     
         173         175  0.825320286986667     
         176         177  0.840345145014617     
         176         178  0.793223272104133     
         179         180  0.792250708104250     
         179         181  0.838036060177260     
         182         183  0.813905578049252     
         182         184  0.838742768969359     
         185         186  0.812993919918594     
         185         187  0.820821108501949     
         188         189  0.770198368168851     
         188         190  0.887022054816877     
         191         192  0.839491662537870     
         191         193  0.827610175087734     
         194         195  0.818166767458347     
         194         196  0.879342850583656     
         197         198  0.812145687562125     
         197         199  0.846984074741797     
         200         201  0.872058387605348     
         200         202  0.812545298077431     
         203         204  0.827339733395197     
         203         205  0.846363872131732     
         206         207  0.884809780644400     
         206         208  0.819851407449759     
         209         210  0.852313896015187     
         209         211  0.873918880690268     
         212         213  0.789614193158374     
         212         214  0.846071974544266     
         215         216  0.831770729539142     
         215         217  0.877935357963745     
         218         219  0.821357819620467     
         218         220  0.837645511478202     
         221         222  0.828100377522562     
         221         223  0.846040488910989     
         224         225  0.824378342678563     
         224         226  0.788685521217512     
         227         228  0.834754573067078     
         227         229  0.854238187633920     
         230         231  0.794674568073804     
         230         232  0.832865845163264     
         233         234  0.791586790754466     
         233         235  0.851474650773020     
         236         237  0.850095110804582     
         236         238  0.796823199536354     
         239         240  0.877349680792359     
         239         241  0.829651313948042     
         221         243  0.102558767415362     
         242         243  0.754460603810434     
         242         244  0.869618837829792     
         245         246  0.847118947025955     
         245         247  0.801868998774344     
         248         249  0.837743719905256     
         248         250  0.804439178134348     
         251         252  0.827341143398434     
         251         253  0.835774363388850     
         254         255  0.842587123938734     
         254         256  0.789781552306957     
