   -0.18722124
   -0.02144121
   -0.07030831
   -0.10630240
    0.36335388
   -0.65918106
   -0.65354090
    0.29766511
    0.29656808
    0.10779594
    0.06357072
    0.03840161
    0.07949851
    0.05556974
    0.02081882
    0.27637153
   -0.66922298
    0.35896225
    0.33798156
   -0.71261069
    0.35462468
    0.35798596
   -0.67797510
    0.36792640
    0.36193892
   -0.71359054
    0.33727921
    0.35144368
   -0.66207583
    0.34920760
    0.35198049
   -0.67482333
    0.33674456
    0.35200383
   -0.67582629
    0.31445688
    0.35196989
