           1           2  0.987424839080492     
           2           3   1.01153698371182     
           3           4  0.993555361760561     
           4           5  0.939469573829741     
           5           6   1.51439171215818     
           5           7   1.44133535848743     
           6           7  0.204043574957225     
           1           8  0.831747356593040     
           1           9  0.826994340519497     
           2          10  0.962040655234625     
           2          11  0.972631422839826     
           3          12  0.975132524267973     
           3          13  0.967609634628497     
           4          14  0.971991746771277     
           4          15  0.975757743702575     
           1          16  0.853509922776007     
          17          18  0.867914004109083     
          17          19  0.848207780724690     
          20          21  0.874150335392630     
          20          22  0.871755047285359     
          23          24  0.861331249224118     
          23          25  0.865988999833864     
          26          27  0.851174216010709     
          26          28  0.876302336597758     
          29          30  0.823829901045108     
          29          31  0.872280175768742     
          32          33  0.848484247692245     
          32          34  0.871077587745651     
          35          36  0.829592463544555     
          35          37  0.871181605528348     
