   -0.18555418
   -0.02209292
   -0.07051548
   -0.10988024
    0.36414061
   -0.64925420
   -0.61927393
    0.30120615
    0.29289133
    0.09498478
    0.07384234
    0.03980474
    0.06506024
    0.07841074
    0.02424940
    0.28654701
   -0.66364284
    0.33720066
    0.35350550
   -0.67557263
    0.35598221
    0.35181948
   -0.67553234
    0.35128514
    0.32730176
   -0.67629108
    0.35125817
    0.35213138
   -0.68238560
    0.34197598
    0.30920933
   -0.68504396
    0.35056066
    0.33053981
   -0.66414680
    0.33841079
    0.30686797
