   -0.17974938
   -0.01959611
   -0.08153101
   -0.09940299
    0.36277639
   -0.64760108
   -0.63518145
    0.32158229
    0.28979153
    0.08132980
    0.07924529
    0.09326171
    0.06255404
    0.02851461
    0.03776277
    0.29273409
   -0.67155809
    0.31711095
    0.33988767
   -0.67332280
    0.35139978
    0.32548856
   -0.64619105
    0.34213991
    0.33883616
   -0.68563099
    0.34023190
    0.32605125
   -0.71202491
    0.33346724
    0.34325131
   -0.67487962
    0.35213684
    0.34985654
   -0.66062114
    0.32747997
    0.35040002
