           1           2  0.985050892299156     
           2           3   1.00934827023335     
           3           4   1.00437433820081     
           4           5  0.941835017247461     
           5           6   1.52997262144252     
           5           7   1.41262957091979     
           6           7  0.199264908156327     
           1           8  0.763781147727009     
           1           9  0.893161156581104     
           2          10  0.971400441072247     
           2          11  0.969932507054129     
           3          12  0.958455150667859     
           3          13  0.973901704143225     
           4          14  0.976717883891699     
           4          15  0.958182419266502     
           1          16  0.900887676888133     
          17          18  0.836583084685393     
          17          19  0.879180541018102     
          20          21  0.872797032701360     
          20          22  0.850890391771459     
           8          23  0.117719966698781     
          23          24  0.830921874259760     
          23          25  0.835082594958881     
          26          27  0.834378053272535     
          26          28  0.859558307720827     
          29          30  0.840020616681534     
          29          31  0.881971020271596     
          32          33  0.855321126044319     
          32          34  0.874039767828536     
          35          36  0.835219865919272     
          35          37  0.870414024535896     
