   -0.18076870
   -0.03046096
   -0.07511329
   -0.10763647
    0.36360555
   -0.64241085
   -0.66885251
    0.28206814
    0.29850632
    0.10496444
    0.08684405
    0.04776206
    0.07347085
    0.06466397
    0.03070830
    0.30874964
   -0.65653805
    0.34220146
    0.35335198
   -0.70462176
    0.35470316
    0.37203100
   -0.66470889
    0.36258662
    0.32269830
   -0.68482824
    0.35260484
    0.30763020
   -0.66113771
    0.30436136
    0.32611358
   -0.67356285
    0.31123273
    0.35585623
   -0.69973962
    0.36565561
    0.35800954
