           1           2  0.982812974373736     
           2           3   1.00905848837522     
           3           4   1.00821268312726     
           4           5  0.944911528328031     
           5           6   1.47979964983397     
           5           7   1.45334309337722     
           6           7  0.193285763582736     
           1           8  0.906786511528833     
           1           9  0.837278037169694     
           2          10  0.961839378940328     
           2          11  0.970697560664158     
           3          12  0.977264742195508     
           3          13  0.962009000627044     
           4          14  0.955064795876672     
           4          15  0.962171162026753     
           1          16  0.808964836664112     
          17          18  0.846166679140116     
          17          19  0.872601250799021     
          20          21  0.873067640080181     
          20          22  0.859727513811648     
          23          24  0.864106331079672     
          23          25  0.859760488518972     
          26          27  0.872375299655121     
          26          28  0.848689608373270     
          29          30  0.884007129806563     
          29          31  0.862081626065821     
          32          33  0.856599587039171     
          32          34  0.868984609943605     
          35          36  0.863033117299644     
          35          37  0.868934454329457     
