    0.07608140
   -0.01568120
    0.29496083
    0.09919266
   -0.17850678
    0.04241412
   -0.11586446
   -0.64017206
    0.36446985
    0.27887603
   -0.63319391
    0.30308174
    0.06934454
   -0.70251329
    0.34200381
    0.33123684
   -0.66780884
    0.32994388
    0.35449272
   -0.67641224
    0.34786750
    0.35562569
   -0.68164976
    0.36028276
    0.36748073
   -0.68954275
    0.33563551
    0.33595724
   -0.67630918
    0.31352399
    0.34489059
   -0.66571920
    0.34892896
    0.34708228
