           1           2  0.972836231984878     
           2           4  0.967006373332339     
           2           5  0.989364487609567     
           3           5  0.838730376987221     
           2           7   1.00158951063195     
           6           7  0.977317431582995     
           7           9  0.938737304776261     
           8           9   1.39107034494810     
           5          10  0.861119539352012     
           8          11  0.197321359802530     
           9          11   1.55457859737086     
           5          12  0.820534644129125     
           7          13  0.962177499111703     
          14          15  0.882224696730196     
          14          16  0.839122216887922     
          17          18  0.859429794489338     
          17          19  0.869893088416467     
          20          21  0.828572770921721     
          20          22  0.866877975681108     
          23          24  0.866918775048879     
          23          25  0.862445488564097     
          26          27  0.877444290509786     
          26          28  0.867614275582805     
          29          30  0.853457530369889     
          29          31  0.828399561182322     
          32          33  0.873180233927903     
          32          34  0.841804886406607     
