    0.07380007
   -0.01781449
    0.29023755
    0.10900600
   -0.18604147
    0.06357079
   -0.11746411
   -0.62156007
    0.36303536
    0.28521838
   -0.64763670
    0.29167473
    0.06792442
   -0.69387993
    0.35997318
    0.35923730
   -0.69456743
    0.31701602
    0.35463899
   -0.69251441
    0.34346535
    0.33410472
   -0.65491045
    0.36630223
    0.33229174
   -0.69633865
    0.31544996
    0.33366917
   -0.69430890
    0.35952739
    0.35723869
   -0.68479417
    0.36543428
    0.35901446
