           1           2  0.973441494023554     
           2           4  0.961403303969010     
           2           5  0.981283697494566     
           3           5  0.850158490063454     
           2           7   1.01061972471798     
           6           7  0.967199998500867     
           7           9  0.944677149995001     
           8           9   1.47025490255007     
           5          10  0.841393151675542     
           8          11  0.202909198343106     
           9          11   1.48131515375413     
           5          12  0.839822765128562     
           7          13  0.954455372406284     
          14          15  0.869141267025065     
          14          16  0.869663241815448     
          17          18  0.864412834718554     
          17          19  0.873153796207984     
          20          21  0.881343048802066     
          20          22  0.859498600635156     
          23          24  0.861633987300249     
          23          25  0.853462490239957     
          26          27  0.838707232722599     
          26          28  0.887289607234369     
          29          30  0.866870517213945     
          29          31  0.868701278526896     
          32          33  0.863444379244133     
          32          34  0.867598264020516     
