   -0.18096529
   -0.03172989
   -0.07455944
   -0.10823360
    0.36548073
   -0.63779190
   -0.62147180
    0.29759754
    0.28653525
    0.12092665
    0.09059196
    0.07209722
    0.06559911
    0.04155571
    0.03854152
    0.29895777
   -0.69557244
    0.35834107
    0.36847664
   -0.69261286
    0.36017533
    0.35907306
   -0.68490791
    0.31964499
    0.30778183
   -0.66804101
    0.31936997
    0.32975315
   -0.67662408
    0.32145563
    0.35717065
   -0.69977266
    0.34384316
    0.32777021
   -0.66548224
    0.35268314
    0.33434283
