           1           2  0.966582555298708     
           2           3   1.01082547088751     
           3           4  0.991295784517375     
           4           5  0.942249265125782     
           5           6   1.50640312726711     
           5           7   1.44281537157515     
           6           7  0.198448354624029     
           1           8  0.898974606117949     
           1           9  0.903806022267721     
           2          10  0.955495789703140     
           2          11  0.967322403599633     
           3          12  0.968107177364778     
           3          13  0.974071932857215     
           4          14  0.971977470427622     
           4          15  0.975884450384928     
           1          16  0.797352529902247     
          17          18  0.869248978631324     
          17          19  0.861320133040265     
          20          21  0.868308641624850     
          20          22  0.869290034365797     
          23          24  0.862327443259635     
          23          25  0.860108496863907     
          26          27  0.858516984596394     
          26          28  0.852688753854202     
          29          30  0.857081918154489     
          29          31  0.870165537294423     
          32          33  0.879678063209925     
          32          34  0.843630102616363     
          35          36  0.873376229450395     
          35          37  0.842846208673175     
