    0.07549247
   -0.01905658
    0.30627384
    0.10948361
   -0.18760131
    0.04146301
   -0.11528583
   -0.63113956
    0.36232734
    0.27768088
   -0.65883463
    0.28614672
    0.05704457
   -0.69872926
    0.35645574
    0.36490198
   -0.67770867
    0.34159351
    0.35593574
   -0.71491813
    0.35329141
    0.33509790
   -0.67941872
    0.34692824
    0.35037531
   -0.65620896
    0.33058709
    0.34976936
   -0.70175286
    0.35559265
    0.35084976
   -0.66967146
    0.35376460
    0.34927024
