   -0.11699236
    0.36481821
   -0.64623246
   -0.64586990
   -0.01701470
   -0.18565353
    0.07055715
    0.04294101
    0.07281033
    0.10531718
    0.27836095
    0.30368036
    0.30501593
   -0.70105931
    0.35731097
    0.36281251
   -0.70186852
    0.36435785
    0.36233110
   -0.66223146
    0.32029602
    0.33170520
   -0.68109116
    0.34853269
    0.33811015
   -0.66470010
    0.35783890
    0.34326649
   -0.67136103
    0.32360730
    0.31719708
   -0.67116920
    0.33265992
    0.36171641
