           1           2  0.929699606579658     
           2           3   1.52566513631255     
           2           4   1.43665403689611     
           3           4  0.205658976539096     
           1           5   1.00603510823383     
           5           6  0.983827171996737     
           1           7  0.961332697655112     
           1           8  0.979712768316100     
           5           9  0.973262758393380     
           5          10  0.959096627675451     
           6          11  0.908154298388366     
           6          12  0.812075291191886     
           6          13  0.813081025320793     
          14          15  0.870874102245668     
          14          16  0.866685378622051     
          17          18  0.863756791991342     
          17          19  0.865854770423499     
          20          21  0.833677893892155     
          20          22  0.876439202083283     
          23          24  0.875056370971093     
          23          25  0.837135259070295     
          26          27  0.868469138715649     
          26          28  0.844448316377185     
          29          30  0.867836859877366     
          29          31  0.872940706606468     
          32          33  0.833817575410741     
          32          34  0.865162505742537     
