    0.11521765
   -0.02751026
    0.30980007
    0.09966010
   -0.18975444
    0.05737781
   -0.11527979
   -0.61435343
    0.36794070
    0.29124821
   -0.62273333
    0.29018424
    0.05904884
   -0.68558696
    0.32354394
    0.34246251
   -0.66013186
    0.31605513
    0.33557139
   -0.67165862
    0.33618610
    0.32070470
   -0.69271144
    0.34979358
    0.33063355
   -0.66782055
    0.33799168
    0.32602279
   -0.69260391
    0.35223899
    0.33603911
   -0.66387647
    0.34371603
    0.36258393
