           1           2  0.954905164069031     
           2           4  0.968600146629303     
           2           5  0.976063642617757     
           3           5  0.824612863167599     
           2           7  0.998069830493645     
           6           7  0.975145666281335     
           7           9  0.947919776333916     
           8           9   1.44510028731203     
           5          10  0.827458881745843     
           8          11  0.194831668803751     
           9          11   1.48684259963687     
           5          12  0.904655238597391     
           7          13  0.965093333764082     
          14          15  0.855719487065282     
          14          16  0.851929840082643     
          17          18  0.857906617909517     
          17          19  0.832766376986300     
          20          21  0.847946931911280     
          20          22  0.853259831181459     
          23          24  0.876768375880569     
          23          25  0.864561796971666     
          26          27  0.871667854960220     
          26          28  0.837622491188927     
          29          30  0.872694936140792     
          29          31  0.829490994496098     
          32          33  0.839442605425560     
          32          34  0.861951927091846     
