   -0.11908973
    0.36601016
   -0.65805850
   -0.63624759
   -0.01791988
   -0.19567996
    0.04740039
    0.08175098
    0.10299371
    0.07552279
    0.30878066
    0.27709658
    0.30938551
   -0.67072154
    0.34574423
    0.34936838
   -0.65808765
    0.31374161
    0.32636547
   -0.66547129
    0.33001846
    0.35244822
   -0.68108839
    0.31327214
    0.35825972
   -0.67994602
    0.32301924
    0.35546803
   -0.70266587
    0.36015580
    0.36440115
   -0.65488034
    0.33659220
    0.34206132
