           1           2  0.937102641258663     
           2           3   1.45800181902451     
           2           4   1.48414712099101     
           3           4  0.196740682352011     
           1           5   1.01552822908901     
           5           6  0.985258136133539     
           1           7  0.967767067387765     
           1           8  0.951848834044620     
           5           9  0.959711621173728     
           5          10  0.972874469139054     
           6          11  0.792604936345293     
           6          12  0.910230614223830     
           6          13  0.821713971652047     
          14          15  0.838935095392458     
          14          16  0.874366509612863     
          17          18  0.853679288876715     
          17          19  0.849433138973308     
          20          21  0.832647949981060     
          20          22  0.870336760520095     
          23          24  0.844019680139490     
          23          25  0.868648056798355     
          26          27  0.851881772250923     
          26          28  0.871525526775734     
          29          30  0.867602633324181     
          29          31  0.864082692196293     
          32          33  0.852033878987700     
          32          34  0.841908885766375     
