   -0.18594855
   -0.02116595
   -0.06957264
   -0.10445266
    0.36328177
   -0.64731226
   -0.63256167
    0.30303882
    0.28280972
    0.10707727
    0.07326535
    0.04219113
    0.06761233
    0.05220761
    0.02070886
    0.27176310
   -0.65274613
    0.33430380
    0.34055650
   -0.68560073
    0.35966760
    0.35388615
   -0.67782523
    0.35447828
    0.33695670
   -0.68418214
    0.36431481
    0.35876364
   -0.69517263
    0.35905846
    0.36359020
   -0.69258308
    0.31487737
    0.33925637
   -0.69000838
    0.35806338
    0.31740285
