   -0.19190695
   -0.02908039
   -0.07257717
   -0.10261244
    0.36153424
   -0.66429489
   -0.61973524
    0.29382885
    0.28350655
    0.11911576
    0.07939679
    0.05812295
    0.05349222
    0.03918956
    0.01803069
    0.27702568
   -0.68838331
    0.34980821
    0.34220198
   -0.66649555
    0.35324309
    0.34663597
   -0.66852930
    0.34986222
    0.34702703
   -0.70024888
    0.35949552
    0.36011612
   -0.68694487
    0.35319641
    0.34865377
   -0.68910386
    0.35433074
    0.34194322
   -0.66306270
    0.32088849
    0.33232947
