           1           2  0.982771133712294     
           2           3   1.01193335078501     
           3           4   1.00203208914524     
           4           5  0.934487297451256     
           5           6   1.51311145778779     
           5           7   1.44924396334858     
           6           7  0.203046173442953     
           1           8  0.837570723482964     
           1           9  0.851933862071478     
           2          10  0.952708637204054     
           2          11  0.970259870025185     
           3          12  0.972736708018397     
           3          13  0.973729419065035     
           4          14  0.959624429925018     
           4          15  0.979321728687041     
           1          16  0.823124576720198     
          17          18  0.873064675518623     
          17          19  0.828486238163700     
          20          21  0.868255956876107     
          20          22  0.819534479668331     
          23          24  0.816685503926477     
          23          25  0.873018589458906     
          26          27  0.869012719370701     
          26          28  0.867866132762722     
          29          30  0.871879519635355     
          29          31  0.837700940330359     
          32          33  0.872147025375135     
          32          34  0.838873525978294     
          35          36  0.864271351041550     
          35          37  0.835209226461937     
