   -0.11686895
    0.36225553
   -0.67531195
   -0.65959614
   -0.01064232
   -0.19178856
    0.05693603
    0.04420267
    0.07162578
    0.08126627
    0.28113708
    0.29937555
    0.30552086
   -0.68797887
    0.34044631
    0.35923341
   -0.67590643
    0.34509636
    0.34774264
   -0.68520384
    0.32739647
    0.35551149
   -0.65760798
    0.36222283
    0.35431611
   -0.65702159
    0.32977490
    0.34934452
   -0.69524087
    0.36152370
    0.35835381
   -0.67245370
    0.34073507
    0.35160380
