           1           2  0.919265850670648     
           2           3   1.48692077488390     
           2           4   1.49431649612703     
           3           4  0.211430467610932     
           1           5   1.01299710295568     
           5           6  0.991758174340690     
           1           7  0.959516841253208     
           1           8  0.976862861347843     
           5           9  0.972449181643121     
           5          10  0.966741735302861     
           6          11  0.862035193679304     
           6          12  0.803938125598447     
           6          13  0.827485247792479     
          14          15  0.846823431743563     
          14          16  0.867206510081806     
          17          18  0.827709243577968     
          17          19  0.872467614254754     
          20          21  0.889699315099376     
          20          22  0.831255079804639     
          23          24  0.863960710617598     
          23          25  0.871963920341080     
          26          27  0.848062996673437     
          26          28  0.833181595459640     
          29          30  0.866762537830694     
          29          31  0.869362007454751     
          32          33  0.845477022488700     
          32          34  0.841249651586328     
