    0.07639746
   -0.01985774
    0.29209612
    0.11441402
   -0.18931470
    0.06383779
   -0.11843452
   -0.62641577
    0.36260522
    0.29487108
   -0.64069832
    0.29706835
    0.06988353
   -0.68246434
    0.36889006
    0.35889510
   -0.68416912
    0.36040764
    0.36512732
   -0.68353461
    0.31372301
    0.32115754
   -0.71861413
    0.35534151
    0.36327266
   -0.69966971
    0.32486646
    0.35322078
   -0.68451172
    0.35466808
    0.31945640
   -0.69400860
    0.35739710
    0.35409604
