           1           2  0.973075176623103     
           2           4  0.958588387084001     
           2           5  0.975743052057539     
           3           5  0.902291608345745     
           2           7   1.01060487702332     
           6           7  0.969568768777206     
           7           9  0.938914555475445     
           8           9   1.45618613168919     
           5          10  0.817928555302249     
           8          11  0.204014013787114     
           9          11   1.49993999733648     
           5          12  0.837989940949498     
           7          13  0.955804893518068     
          14          15  0.860524610740423     
          14          16  0.868094707915148     
          17          18  0.868500970070924     
          17          19  0.864592498392872     
          20          21  0.861389322965280     
          20          22  0.869358589454277     
          23          24  0.873561379717187     
          23          25  0.867861662306644     
          26          27  0.864417158628338     
          26          28  0.875153354943685     
          29          30  0.873046353718930     
          29          31  0.874762544246108     
          32          33  0.869398469778262     
          32          34  0.872279584165583     
