           1           2  0.982797687788010     
           2           3   1.00850827226988     
           3           4   1.00949440977712     
           4           5  0.949034606322570     
           5           6   1.45680669659503     
           5           7   1.47890106398048     
           6           7  0.196087261149143     
           1           8  0.829086265626430     
           1           9  0.833331911848110     
           2          10  0.971092761495134     
           2          11  0.970600406575164     
           3          12  0.966597061742531     
           3          13  0.974815560397102     
           4          14  0.962333439497067     
           4          15  0.959990107116337     
           1          16  0.899525574697102     
          17          18  0.859626530179764     
          17          19  0.866792052057567     
          20          21  0.866366089668510     
          20          22  0.862795891857187     
          23          24  0.878254533039862     
          23          25  0.848450814427656     
          26          27  0.890997295756222     
          26          28  0.842089696055522     
