   -0.19946875
   -0.04821247
   -0.10016689
   -0.12111122
    0.36426589
   -0.60905609
   -0.65829945
    0.29505513
    0.30655240
    0.11761189
    0.09180108
    0.07505309
    0.09653691
    0.09239999
    0.07256100
    0.30036512
   -0.70436204
    0.35100065
    0.35248649
   -0.70606547
    0.36213969
    0.32900606
   -0.69914874
    0.33495096
    0.33817464
   -0.66668467
    0.36594006
    0.33273428
   -0.66920445
    0.34474889
    0.33900104
   -0.69214254
    0.32407246
    0.33075481
   -0.65464186
    0.33231311
    0.33810828
   -0.66897001
    0.34929405
    0.31588022
   -0.72113754
    0.35436060
    0.33726535
   -0.64922203
    0.34269272
    0.32420669
   -0.67717811
    0.31718650
    0.33589063
   -0.68413331
    0.32413004
    0.32722455
   -0.66978571
    0.34067987
    0.36522267
   -0.65629332
    0.34912005
    0.31745146
   -0.70816973
    0.35101377
    0.32702349
   -0.66145498
    0.33242029
    0.35321218
   -0.69991735
    0.35569642
    0.34742676
   -0.69957463
    0.32565696
    0.37259798
   -0.67253424
    0.34202909
    0.35540836
   -0.69956657
    0.33046160
    0.36725259
   -0.69507502
    0.35567693
    0.33592816
   -0.68566303
    0.33153977
    0.34646477
   -0.64651979
    0.33282301
    0.33211723
   -0.69544481
    0.34677160
    0.33414091
   -0.64453435
    0.33133482
    0.33877662
   -0.69905499
    0.34686502
    0.33131641
   -0.69071391
    0.35309656
    0.32810513
   -0.68371028
    0.36441038
    0.31599123
   -0.67802783
    0.32557981
    0.33248555
   -0.67180840
    0.37430465
    0.33267147
   -0.68281635
    0.31922846
    0.33260990
   -0.68221944
    0.34338571
    0.33906597
   -0.67726525
    0.33509890
    0.37693309
   -0.66345981
    0.32737491
    0.34066695
   -0.68440513
    0.34027146
    0.36551382
   -0.69344579
    0.34342275
    0.34647152
   -0.67583041
    0.33335872
    0.34134749
   -0.68735534
    0.33040276
    0.36582598
   -0.71018698
    0.33657655
    0.31931149
   -0.69983983
    0.33609399
    0.35096762
   -0.65358314
    0.34468118
    0.35035473
   -0.69127975
    0.34263568
    0.33588719
   -0.66586313
    0.33348938
    0.34024785
   -0.71539423
    0.37129815
    0.32476357
   -0.70302593
    0.32654403
    0.33702945
   -0.66065718
    0.32019610
    0.35304857
   -0.69600311
    0.35529685
    0.33516447
   -0.69340553
    0.33786276
    0.35307002
   -0.72067494
    0.34002612
    0.34306313
   -0.64774856
    0.34612131
    0.33796701
