           1           2  0.989573787764207     
           2           3   1.00825779691204     
           3           4   1.00919015950693     
           4           5  0.982156788288109     
           5           6   1.40943252374983     
           5           7   1.44453596046319     
           6           7  0.170394465875769     
           1           8  0.845175452511821     
           1           9  0.828448346494263     
           2          10  0.961587733541544     
           2          11  0.970784042154234     
           3          12  0.968314129569302     
           3          13  0.955362845750072     
           4          14  0.932452304579346     
           4          15  0.943349272910506     
           1          16  0.826265876801529     
          17          18  0.855702633425302     
          17          19  0.825911586633918     
          20          21  0.814839064544472     
          20          22  0.847598072392978     
          23          24  0.845377980889946     
          23          25  0.882918132433357     
          26          27  0.831750689165715     
          26          28  0.840114101487163     
          29          30  0.854766077746778     
          29          31  0.822597051419993     
          32          33  0.792981082497788     
          32          34  0.847135704397713     
          35          36  0.818562313110710     
          35          37  0.850514813933064     
          38          39  0.808049926640408     
          38          40  0.838913597205018     
          41          42  0.875676858069625     
          41          43  0.820060964367559     
          44          45  0.811557868216601     
          44          46  0.876641230364795     
          47          48  0.849497318022242     
          47          49  0.838271047615644     
          50          51  0.835896051584701     
          50          52  0.847414682077721     
          53          54  0.803278657172351     
          53          55  0.870481497644072     
          56          57  0.827479059072717     
          56          58  0.841035148301827     
          59          60  0.832837264832017     
          59          61  0.830924806879144     
          62          63  0.839536657670324     
          62          64  0.853571506055418     
          65          66  0.878333306929027     
          65          67  0.826147049077228     
          68          69  0.827107563895481     
          68          70  0.861631686279873     
          71          72  0.871110473247645     
          71          73  0.855414374358214     
          74          75  0.789686643662210     
          74          76  0.862969779344522     
          77          78  0.818281832475128     
          77          79  0.867045166400882     
          80          81  0.840129498768707     
          80          82  0.828543181387229     
          83          84  0.878006788679921     
          83          85  0.823975251821766     
          86          87  0.862049510732414     
          86          88  0.853796806611569     
          89          90  0.838215777124531     
          89          91  0.834732880981772     
          92          93  0.815096586698241     
          92          94  0.891952689474911     
          95          96  0.844090264237360     
          95          97  0.874772669312752     
          98          99  0.880816375895812     
          98         100  0.793992221603023     
         101         102  0.853416232867780     
         101         103  0.805337990619194     
         104         105  0.828263876869639     
         104         106  0.854196595676901     
         107         108  0.793783337888088     
         107         109  0.879328667696689     
         110         111  0.877648434624563     
         110         112  0.808046109592189     
         113         114  0.806518227159346     
         113         115  0.883097278400298     
         116         117  0.832878572501219     
         116         118  0.843656330989688     
         119         120  0.847457846025808     
         119         121  0.864341167869055     
         122         123  0.882419253981843     
         122         124  0.808708441154264     
         125         126  0.882210101526519     
         125         127  0.801672131860720     
         128         129  0.838086869084425     
         128         130  0.846426703771222     
         131         132  0.850973941147442     
         131         133  0.822624085895269     
         134         135  0.823755792485463     
         134         136  0.827600278189531     
         137         138  0.859348846495639     
         137         139  0.839627988136382     
         140         141  0.851090705023774     
         140         142  0.842279574055496     
         143         144  0.881863113449475     
         143         145  0.804747321290946     
         146         147  0.857475995304439     
         146         148  0.837033141579249     
         149         150  0.788769751210908     
         149         151  0.885192701128189     
         152         153  0.871894993064404     
         152         154  0.842760904096191     
         155         156  0.882790426410978     
         155         157  0.823236079680898     
         158         159  0.861047535752228     
         158         160  0.820706045512343     
         161         162  0.866244996020372     
         161         163  0.823481600313839     
         164         165  0.849776514283611     
         164         166  0.815671982393848     
