   -0.11655165
    0.36838529
   -0.64493789
   -0.61489564
   -0.01953023
   -0.18370883
    0.05674506
    0.07994128
    0.09240140
    0.09253272
    0.30184555
    0.29407414
    0.29109877
   -0.66757156
    0.36205365
    0.32617156
   -0.71989962
    0.36008117
    0.35981841
   -0.67554686
    0.32905554
    0.32816832
   -0.66960690
    0.31104556
    0.33640624
   -0.68756285
    0.32080997
    0.35037930
   -0.66754145
    0.32622375
    0.35801122
   -0.67069250
    0.33114077
    0.36165629
