           1           2  0.943572436887884     
           2           3   1.43867128658762     
           2           4   1.49550570875865     
           3           4  0.195967462762617     
           1           5   1.01331971231701     
           5           6  0.981849980973837     
           1           7  0.952783526139073     
           1           8  0.962604755593803     
           5           9  0.967130745677103     
           5          10  0.970587882408077     
           6          11  0.814249918076083     
           6          12  0.901126474781760     
           6          13  0.833552286449786     
          14          15  0.864810400335624     
          14          16  0.848199784031963     
          17          18  0.870183602235577     
          17          19  0.870372703918460     
          20          21  0.854785400038173     
          20          22  0.852908639255019     
          23          24  0.864213874851334     
          23          25  0.835301579057159     
          26          27  0.836972465784436     
          26          28  0.874195934832852     
          29          30  0.834155916612129     
          29          31  0.865405397045297     
          32          33  0.836354144391102     
          32          34  0.863928449439828     
