    0.10850581
   -0.02491228
    0.31228320
    0.09215626
   -0.17919209
    0.04552204
   -0.11523592
   -0.63533065
    0.36466460
    0.29438389
   -0.63259962
    0.27829236
    0.06286401
   -0.71179798
    0.33415923
    0.34617304
   -0.69917217
    0.34272996
    0.35406470
   -0.69208421
    0.33537107
    0.32852194
   -0.64507709
    0.34493492
    0.34074092
   -0.68289456
    0.35609534
    0.31467347
   -0.68463864
    0.36521183
    0.36314459
   -0.66265359
    0.32507180
    0.35602382
