           1           2  0.956695982932471     
           2           4  0.969633606873197     
           2           5  0.982997097610261     
           3           5  0.813546673543435     
           2           7   1.00712366724154     
           6           7  0.975240700788424     
           7           9  0.939949129997957     
           8           9   1.38871440941524     
           5          10  0.827176145979653     
           8          11  0.194090905416535     
           9          11   1.55733514249499     
           5          12  0.904425227866991     
           7          13  0.956700588073491     
          14          15  0.844710089068455     
          14          16  0.879976577613326     
          17          18  0.833637666609549     
          17          19  0.872727007219838     
          20          21  0.858591449259293     
          20          22  0.864188586175445     
          23          24  0.840050065879402     
          23          25  0.843344539969752     
          26          27  0.872330722367886     
          26          28  0.875561048545545     
          29          30  0.863110317179411     
          29          31  0.864035910791436     
          32          33  0.852342888198716     
          32          34  0.866457854072715     
