    0.07756080
   -0.01635094
    0.30825858
    0.09420064
   -0.18504215
    0.04129816
   -0.11574814
   -0.62870438
    0.36268636
    0.28444582
   -0.65638706
    0.28396698
    0.05965110
   -0.68353599
    0.35790198
    0.33053705
   -0.68007272
    0.34088175
    0.33786047
   -0.66138492
    0.35048292
    0.33454838
   -0.69909279
    0.36486615
    0.36114465
   -0.67698778
    0.33998762
    0.32271425
   -0.69208100
    0.33664304
    0.35650697
   -0.67038478
    0.36733210
    0.35229688
