           1           2  0.972204652170491     
           2           4  0.968500804663336     
           2           5  0.990206721020020     
           3           5  0.805921272396332     
           2           7   1.00873431318824     
           6           7  0.975390217958102     
           7           9  0.929238203208764     
           8           9   1.44596193602439     
           5          10  0.837330230783651     
           8          11  0.206968100375409     
           9          11   1.52276344579985     
           5          12  0.862265345717029     
           7          13  0.959761698573171     
          14          15  0.868448220024164     
          14          16  0.852110831731233     
          17          18  0.847538805403795     
          17          19  0.857182908533447     
          20          21  0.818538640927036     
          20          22  0.834665034176340     
          23          24  0.864763960999427     
          23          25  0.867503843920798     
          26          27  0.836966486923190     
          26          28  0.874625094514443     
          29          30  0.884934272398774     
          29          31  0.825207790131698     
          32          33  0.861032642288467     
          32          34  0.872277920750902     
