   -0.17862850
   -0.02532196
   -0.07285304
   -0.10478241
    0.36556995
   -0.63895601
   -0.62074468
    0.30261617
    0.29259290
    0.10233869
    0.08803161
    0.05540656
    0.06957296
    0.04564578
    0.02546420
    0.27822935
   -0.65221296
    0.34108077
    0.31460311
   -0.68560603
    0.31533788
    0.33563635
   -0.69687397
    0.33634733
    0.33336508
   -0.68161482
    0.36568253
    0.35821736
   -0.67759250
    0.35706160
    0.32983448
   -0.68499964
    0.32449951
    0.34765316
   -0.66431058
    0.36134704
    0.33836273
