           1           2  0.981297216064016     
           2           3   1.01123566928012     
           3           4  0.989163148660983     
           4           5  0.941742315400733     
           5           6   1.48680699058364     
           5           7   1.45008791867400     
           6           7  0.197817347769458     
           1           8  0.847527038826438     
           1           9  0.844634203977928     
           2          10  0.967559161026946     
           2          11  0.963733082956326     
           3          12  0.974600388993078     
           3          13  0.973602381806438     
           4          14  0.976933786443948     
           4          15  0.976661631352934     
           1          16  0.852332167011871     
          17          18  0.858361597059516     
          17          19  0.858543696070763     
          20          21  0.881473236710217     
          20          22  0.832707875301404     
          23          24  0.847479069389142     
          23          25  0.833053376590858     
          26          27  0.862901776081969     
          26          28  0.868678551142853     
          29          30  0.866713443282532     
          29          31  0.825007905034375     
          32          33  0.856373008904900     
          32          34  0.839205759728987     
          35          36  0.862247115739572     
          35          37  0.845341880943465     
