    0.07491033
   -0.02434526
    0.29282913
    0.12154135
   -0.18846546
    0.07261652
   -0.12483730
   -0.63120175
    0.36353007
    0.29288041
   -0.65927371
    0.29747983
    0.08706807
   -0.68248966
    0.33341584
    0.35662518
   -0.68676244
    0.34623101
    0.33211096
   -0.65911474
    0.37328098
    0.35082981
   -0.68507343
    0.35245017
    0.34503523
   -0.67867009
    0.35316778
    0.32951963
   -0.68721615
    0.30598555
    0.32929219
   -0.67763593
    0.33221917
    0.34206667
