           1           2  0.973202611342286     
           2           4  0.954561387817635     
           2           5  0.971880866393524     
           3           5  0.902038366726641     
           2           7   1.01460857721513     
           6           7  0.959198367434679     
           7           9  0.942737521648341     
           8           9   1.45624960340489     
           5          10  0.825600115874662     
           8          11  0.196928880256303     
           9          11   1.48711613999410     
           5          12  0.841308844165328     
           7          13  0.946835449561305     
          14          15  0.850524593104758     
          14          16  0.868690519638754     
          17          18  0.873618430649955     
          17          19  0.835351560402511     
          20          21  0.856814656131451     
          20          22  0.874104907518576     
          23          24  0.871122694645158     
          23          25  0.809132359485630     
          26          27  0.869189641288853     
          26          28  0.842655238727314     
          29          30  0.869322546049399     
          29          31  0.854556796868226     
          32          33  0.854775492044003     
          32          34  0.836582373751186     
