   -0.18089425
   -0.03172356
   -0.06878603
   -0.10245911
    0.36019841
   -0.65919791
   -0.68652376
    0.27525059
    0.31286488
    0.08395238
    0.11758963
    0.06420721
    0.03571164
    0.01595109
    0.04610198
    0.30836273
   -0.65086643
    0.35116566
    0.33914675
   -0.70178384
    0.31957274
    0.33867081
   -0.67784798
    0.35393561
    0.35333476
   -0.68771062
    0.34456061
    0.33197024
   -0.67629031
    0.35431101
    0.35571823
   -0.66879960
    0.35683792
    0.35755002
   -0.68698421
    0.34973634
    0.35316637
