           1           2  0.985749855343090     
           2           3   1.00830268146715     
           3           4   1.00709331519591     
           4           5  0.928520015194783     
           5           6   1.49023927605179     
           5           7   1.47995264591799     
           6           7  0.208508959070456     
           1           8  0.909154123323361     
           1           9  0.824235696659094     
           2          10  0.970869050349972     
           2          11  0.957820239248490     
           3          12  0.968801469932933     
           3          13  0.976895441673062     
           4          14  0.978208431757565     
           4          15  0.958245904707640     
           1          16  0.812528484111987     
          17          18  0.815429832351982     
          17          19  0.876499812669100     
          20          21  0.870172903945997     
          20          22  0.848335244768734     
          23          24  0.868238528293997     
          23          25  0.819614825139473     
          26          27  0.834307989068626     
          26          28  0.885362886181873     
          29          30  0.868825356799814     
          29          31  0.813552154160805     
          32          33  0.814930346883655     
          32          34  0.862986549633986     
          35          36  0.841319370237953     
          35          37  0.870315613425993     
