   -0.19053122
   -0.01844019
   -0.06753753
   -0.10754467
    0.36394569
   -0.66458394
   -0.64970885
    0.29424263
    0.29366866
    0.08764016
    0.06748844
    0.03290171
    0.07138076
    0.06534180
    0.02144896
    0.28710499
   -0.69315095
    0.34422728
    0.35567100
   -0.68130033
    0.31833537
    0.36444122
   -0.67833680
    0.34678197
    0.35418348
   -0.69299470
    0.35975074
    0.35921471
   -0.64651132
    0.32084124
    0.33210076
   -0.66896194
    0.34926837
    0.35188659
   -0.68600609
    0.35978932
    0.34395269
