           1           2  0.992909389707272     
           2           3   1.01004438999090     
           3           4  0.994703017260496     
           4           5  0.937202498047975     
           5           6   1.51138982469131     
           5           7   1.44694830403462     
           6           7  0.205417916690577     
           1           8  0.832761799915868     
           1           9  0.829787226639373     
           2          10  0.970160749426318     
           2          11  0.971739519495864     
           3          12  0.975509260028050     
           3          13  0.969583767957359     
           4          14  0.969460238652417     
           4          15  0.976161712030266     
           1          16  0.829277070005848     
          17          18  0.847161316236661     
          17          19  0.869695947356587     
          20          21  0.860538624434217     
          20          22  0.863215443446627     
          23          24  0.837404264411572     
          23          25  0.870708201379997     
          26          27  0.868824389882166     
          26          28  0.868896438507653     
          29          30  0.829129225971568     
          29          31  0.845324516081745     
          32          33  0.818191787203539     
          32          34  0.869524523383636     
          35          36  0.866948469021176     
          35          37  0.846551081639378     
