           1           2  0.984039611774225     
           2           3   1.01249054205045     
           3           4  0.993356972548555     
           4           5  0.947098116024040     
           5           6   1.49868255888902     
           5           7   1.43891669340263     
           6           7  0.196151639171470     
           1           8  0.847059374002710     
           1           9  0.832581499722081     
           2          10  0.968537013364608     
           2          11  0.968660714975540     
           3          12  0.971767743495405     
           3          13  0.973606204860195     
           4          14  0.964877561805001     
           4          15  0.981281425388001     
           1          16  0.833396810586021     
          17          18  0.866937656114516     
          17          19  0.862409100900331     
          20          21  0.864190205055100     
          20          22  0.848313890652790     
          23          24  0.872184444459313     
          23          25  0.847449003695948     
          26          27  0.836774043190544     
          26          28  0.866688270815443     
