           1           2  0.991342195884380     
           2           3   1.00943541312049     
           3           4   1.00709444017009     
           4           5  0.944314634138444     
           5           6   1.42858202108242     
           5           7   1.50454453400608     
           6           7  0.194921120469048     
           1           8  0.837305633189529     
           1           9  0.825432809324084     
           2          10  0.970858529962301     
           2          11  0.968071500805554     
           3          12  0.967599777009245     
           3          13  0.973949261264324     
           4          14  0.972573725450084     
           4          15  0.956144966885788     
           1          16  0.849067695397592     
          17          18  0.858173966153578     
          17          19  0.873213694658607     
          20          21  0.870476206345795     
          20          22  0.835784019669481     
          23          24  0.857684845361132     
          23          25  0.871451967663068     
          26          27  0.872274940911519     
          26          28  0.859129823001413     
          29          30  0.862963273665528     
          29          31  0.870764326229124     
          32          33  0.867523188138004     
          32          34  0.845619218392356     
          35          36  0.882162668905343     
          35          37  0.834001998564442     
