    0.09573833
   -0.02474703
    0.31271475
    0.11328019
   -0.19254794
    0.06651668
   -0.11645867
   -0.61185109
    0.36478384
    0.28581936
   -0.63439805
    0.28054351
    0.06396640
   -0.69947975
    0.31120667
    0.35325181
   -0.65321787
    0.34328604
    0.33966201
   -0.69871037
    0.35843103
    0.36110176
   -0.68412562
    0.34921717
    0.31968370
   -0.68790415
    0.35297736
    0.36035413
   -0.69407009
    0.31045489
    0.34909394
   -0.67482504
    0.35485048
    0.32540163
