           1           2  0.981587632602260     
           2           3   1.00942707282945     
           3           4   1.00861689816962     
           4           5  0.949709925087252     
           5           6   1.55063114229922     
           5           7   1.37678258138327     
           6           7  0.188196491774514     
           1           8  0.908476369387510     
           1           9  0.849320072262633     
           2          10  0.961387208698066     
           2          11  0.967015825369292     
           3          12  0.975016475354707     
           3          13  0.974608779043996     
           4          14  0.958365663381217     
           4          15  0.957201999962886     
           1          16  0.795841862552687     
          17          18  0.863974658239889     
          17          19  0.866444659849915     
          20          21  0.872696868048405     
          20          22  0.845564942238329     
          23          24  0.843897510978576     
          23          25  0.873160167016715     
          26          27  0.864554531026326     
          26          28  0.842556372318322     
          29          30  0.855418020589962     
          29          31  0.857334074852531     
          32          33  0.844962205007060     
          32          34  0.871928751476895     
          35          36  0.845740765601024     
          35          37  0.870500664456877     
