   -0.11420449
    0.36839532
   -0.63657616
   -0.62081982
   -0.02539869
   -0.17206135
    0.05983423
    0.06018272
    0.11125236
    0.09716115
    0.28904914
    0.28264025
    0.30919492
   -0.68408268
    0.32811028
    0.34481275
   -0.70655159
    0.33536774
    0.34773048
   -0.67366313
    0.36269934
    0.31770911
   -0.65736972
    0.32126843
    0.32875601
   -0.67372002
    0.36083634
    0.36653376
   -0.66094981
    0.32786837
    0.32816117
   -0.68976255
    0.34841886
    0.31917728
