           1           2  0.941237461376325     
           2           3   1.49181625206438     
           2           4   1.44923742460517     
           3           4  0.199517787337507     
           1           5   1.01251495826411     
           5           6  0.981896780485337     
           1           7  0.953193760794839     
           1           8  0.970012352812202     
           5           9  0.957771878275240     
           5          10  0.968326947828251     
           6          11  0.840070603530647     
           6          12  0.904707017716732     
           6          13  0.820001254231211     
          14          15  0.866158599311806     
          14          16  0.840359109752699     
          17          18  0.840608078444782     
          17          19  0.877179554668283     
          20          21  0.863432917818748     
          20          22  0.843257229371404     
          23          24  0.853867915015463     
          23          25  0.875418313428283     
          26          27  0.866614680183023     
          26          28  0.862986734430860     
          29          30  0.858626069545058     
          29          31  0.830219504842314     
          32          33  0.875385197340377     
          32          34  0.841329456628161     
