   -0.17197928
   -0.03243019
   -0.06592116
   -0.10365816
    0.36264618
   -0.63047842
   -0.65999156
    0.29717543
    0.28694548
    0.09030272
    0.11364347
    0.05038443
    0.05378004
    0.03589037
    0.05268390
    0.30945916
   -0.71758777
    0.36528195
    0.35230584
   -0.67809272
    0.30763122
    0.35277218
   -0.71849983
    0.35867303
    0.35982685
   -0.67844521
    0.36877415
    0.36080567
   -0.67294575
    0.36442601
    0.34903054
   -0.68690756
    0.32951526
    0.31302660
   -0.68053270
    0.30959702
    0.35289279
