           1           2  0.982537607929712     
           2           3   1.00851060871348     
           3           4  0.998339891946259     
           4           5  0.944951518163111     
           5           6   1.53311844456502     
           5           7   1.41440990644242     
           6           7  0.201399115181359     
           1           8  0.841940850194462     
           1           9  0.903685008959345     
           2          10  0.969594585674957     
           2          11  0.959499715165741     
           3          12  0.975360923841589     
           3          13  0.974698076967663     
           4          14  0.963506181077459     
           4          15  0.972900634383985     
           1          16  0.822676055537540     
          17          18  0.866441414029536     
          17          19  0.875757463063878     
          20          21  0.872875878783937     
          20          22  0.873741747058558     
          23          24  0.871180897879377     
          23          25  0.870354264817835     
          26          27  0.860876220988769     
          26          28  0.865993514756081     
          29          30  0.864226187696103     
          29          31  0.873873149233397     
          32          33  0.889033550793347     
          32          34  0.845023494729449     
          35          36  0.847293764962350     
          35          37  0.871579696650277     
