   -0.18067802
   -0.02291668
   -0.07549260
   -0.11066263
    0.36450273
   -0.64088250
   -0.62124225
    0.28699740
    0.29655943
    0.11093019
    0.06804216
    0.07088383
    0.07130964
    0.04943768
    0.04601508
    0.28965547
   -0.68340120
    0.32943759
    0.35356435
   -0.67438887
    0.32299864
    0.35313630
   -0.69978489
    0.35073632
    0.35423877
   -0.71011205
    0.35196162
    0.32983871
   -0.67167172
    0.31784817
    0.32973534
   -0.68353549
    0.33174532
    0.35336885
   -0.68060271
    0.36446393
    0.35796408
