           1           2  0.973589348443580     
           2           3   1.01164433709828     
           3           4  0.990111540986301     
           4           5  0.947614630715249     
           5           6   1.47578321990638     
           5           7   1.46428817046756     
           6           7  0.196065239071200     
           1           8  0.904973920825994     
           1           9  0.841925265015098     
           2          10  0.960257249867785     
           2          11  0.974019464190953     
           3          12  0.967960388959529     
           3          13  0.972908330171857     
           4          14  0.968818372519161     
           4          15  0.974458565905322     
           1          16  0.821604215310006     
          17          18  0.843381585320849     
          17          19  0.871616561410863     
          20          21  0.821978087898816     
          20          22  0.868670277395603     
          23          24  0.876083964345620     
          23          25  0.873683476770790     
          26          27  0.875993990961468     
          26          28  0.851439894976156     
          29          30  0.863073523791795     
          29          31  0.844710960741096     
          32          33  0.843861247701350     
          32          34  0.871864169586953     
          35          36  0.863645888614080     
          35          37  0.868655096692305     
