   -0.16997252
   -0.04343653
   -0.06745615
   -0.11360295
    0.36249415
   -0.63545743
   -0.68395060
    0.29185878
    0.29195681
    0.11738766
    0.12059534
    0.04347056
    0.04636907
    0.06145135
    0.06625402
    0.32173702
   -0.67379583
    0.31182959
    0.34548853
   -0.69175117
    0.33884025
    0.33785690
   -0.67489311
    0.34698501
    0.33145249
   -0.67696197
    0.35114528
    0.30622437
   -0.65814619
    0.37088250
    0.36021104
   -0.68531510
    0.33150540
    0.31319491
   -0.66504043
    0.35725606
    0.31333289
