           1           2  0.972866226473473     
           2           3   1.01071512847480     
           3           4   1.00335132662373     
           4           5  0.952505542890808     
           5           6   1.54006996618081     
           5           7   1.38516272257274     
           6           7  0.189850142176034     
           1           8  0.900426262385977     
           1           9  0.901109298697567     
           2          10  0.960435829180092     
           2          11  0.954669023758683     
           3          12  0.975300375720254     
           3          13  0.976506308525093     
           4          14  0.947962421614322     
           4          15  0.961186868444210     
           1          16  0.809290717901984     
          17          18  0.853834460763728     
          17          19  0.876486396928299     
          20          21  0.823630277509607     
          20          22  0.883466366174592     
          23          24  0.853899223069373     
          23          25  0.856187438499504     
          26          27  0.872247795961469     
          26          28  0.846207224276294     
          29          30  0.857492167326805     
          29          31  0.867980019039324     
          32          33  0.853149966185594     
          32          34  0.873901328343190     
          35          36  0.868615552892219     
          35          37  0.868508185473545     
