    0.07141361
   -0.01427070
    0.29248337
    0.09110405
   -0.19596814
    0.03944219
   -0.11582639
   -0.63234185
    0.36471450
    0.27763305
   -0.64768099
    0.30426616
    0.06818499
   -0.68911316
    0.33581459
    0.34053172
   -0.68513688
    0.34405357
    0.33642728
   -0.66835211
    0.35570579
    0.35275220
   -0.69904162
    0.34641616
    0.35296936
   -0.66551296
    0.35354014
    0.33977531
   -0.66312470
    0.34902842
    0.33005182
   -0.66140616
    0.33388375
    0.35758362
