           1           2  0.973170532802308     
           2           4  0.969414423541181     
           2           5  0.992579672788864     
           3           5  0.845403303700995     
           2           7   1.00753021233753     
           6           7  0.975617273853710     
           7           9  0.936917241240871     
           8           9   1.41792290748907     
           5          10  0.852880631299472     
           8          11  0.201207489635840     
           9          11   1.53570088634271     
           5          12  0.785693936437423     
           7          13  0.956450771269262     
          14          15  0.844381059654885     
          14          16  0.845184614777335     
          17          18  0.877042246755158     
          17          19  0.844510191075949     
          20          21  0.866890409763792     
          20          22  0.829638751253115     
          23          24  0.838567194909831     
          23          25  0.873017613303006     
          26          27  0.869573002019783     
          26          28  0.839280043825716     
          12          29  0.109030796200320     
          29          30  0.817916703956471     
          29          31  0.853927174125657     
          32          33  0.841697200250935     
          32          34  0.865752575694378     
