   -0.19265637
   -0.02403085
   -0.07750288
   -0.10007820
    0.36271639
   -0.61900752
   -0.64616106
    0.30760162
    0.27822182
    0.08172185
    0.09676993
    0.07520949
    0.05460847
    0.04352562
    0.03623300
    0.30675804
   -0.67117528
    0.35891320
    0.34195048
   -0.67883868
    0.32678073
    0.35589841
   -0.68010271
    0.35593716
    0.31244687
   -0.66544598
    0.31661014
    0.32781120
   -0.67552693
    0.31740266
    0.32810404
   -0.64251698
    0.33491567
    0.33113174
   -0.65852570
    0.34890678
    0.33139384
