           1           2  0.986718169723863     
           2           3   1.00918408477549     
           3           4   1.00669559589146     
           4           5  0.948504001915551     
           5           6   1.43853906312795     
           5           7   1.48622656767711     
           6           7  0.192956662464324     
           1           8  0.792792000180190     
           1           9  0.909234154108075     
           2          10  0.971166093118997     
           2          11  0.961943739283305     
           3          12  0.966551381582342     
           3          13  0.976302891608925     
           4          14  0.957954129462377     
           4          15  0.968594166282633     
           1          16  0.826235902233548     
          17          18  0.867632409903621     
          17          19  0.852215583315494     
          20          21  0.850361680379962     
          20          22  0.867213731248962     
          23          24  0.868975047335473     
          23          25  0.844057901541282     
          26          27  0.852645081710487     
          26          28  0.863344625591679     
          29          30  0.865839931905933     
          29          31  0.866050241859817     
          32          33  0.869825757613054     
          32          34  0.858885400232680     
          35          36  0.838045826821188     
          35          37  0.851339921247956     
