   -0.18289676
   -0.03616157
   -0.06768558
   -0.10452275
    0.36247153
   -0.64217571
   -0.66998826
    0.28031431
    0.28576455
    0.11601717
    0.10113193
    0.04815988
    0.04472186
    0.05157126
    0.04015762
    0.32643617
   -0.69685295
    0.35930854
    0.36382969
   -0.68045059
    0.35017556
    0.32220817
   -0.72423431
    0.36326456
    0.36096974
   -0.67786857
    0.35040707
    0.31256762
   -0.68547503
    0.35316810
    0.35680559
   -0.68751108
    0.31157500
    0.35074486
   -0.64001025
    0.34170531
    0.34235732
