           1           2  0.978180697000830     
           2           3   1.00939671617670     
           3           4   1.00754356798895     
           4           5  0.938442957371174     
           5           6   1.52209242818497     
           5           7   1.43054871617557     
           6           7  0.200749228001925     
           1           8  0.905572465303245     
           1           9  0.905575673309789     
           2          10  0.955749731602006     
           2          11  0.965473353821301     
           3          12  0.972995523676251     
           3          13  0.975873532317462     
           4          14  0.968525291100569     
           4          15  0.959424979477208     
           1          16  0.758194401708639     
          17          18  0.868426722017802     
          17          19  0.864910378640325     
          20          21  0.873456931321665     
          20          22  0.850795487111744     
          23          24  0.867829156678756     
          23          25  0.869490993891264     
          26          27  0.875996164168069     
          26          28  0.869737965800539     
          29          30  0.872476858740642     
          29          31  0.870014874480968     
          32          33  0.826446892792212     
          32          34  0.872078105568344     
          16          35  0.124509058869357     
          35          36  0.842974906851118     
          35          37  0.848947113708094     
