   -0.18024605
   -0.02198659
   -0.07022816
   -0.10485580
    0.36298428
   -0.64825463
   -0.61940241
    0.30344515
    0.29551716
    0.10896830
    0.06578691
    0.04397830
    0.06881765
    0.05254046
    0.02496969
    0.28048455
   -0.69687080
    0.31521965
    0.33866032
   -0.70104730
    0.33706426
    0.33699208
   -0.71393407
    0.35698685
    0.35694718
   -0.69702570
    0.36185631
    0.36253010
   -0.67228290
    0.35371044
    0.34616701
   -0.66626696
    0.35988674
    0.33894248
   -0.67333720
    0.34939128
    0.34389145
