           1           2  0.985765051180519     
           2           3   1.00885042485600     
           3           4  0.992978115579256     
           4           5  0.940579090482862     
           5           6   1.48514902552684     
           5           7   1.47141204560217     
           6           7  0.204989758000222     
           1           8  0.835449036811946     
           1           9  0.851400529219200     
           2          10  0.962909971235543     
           2          11  0.974619250112766     
           3          12  0.976292242388246     
           3          13  0.973544654358342     
           4          14  0.970933515864716     
           4          15  0.979357727922029     
           1          16  0.846509037883191     
          17          18  0.843426321199127     
          17          19  0.884751224786426     
          20          21  0.864012822740921     
          20          22  0.861028810180446     
          23          24  0.872438473921739     
          23          25  0.872468782935144     
          26          27  0.865734861149494     
          26          28  0.865421895497501     
          29          30  0.867036615017228     
          29          31  0.835889400921497     
          32          33  0.865706699196027     
          32          34  0.842475283797966     
          35          36  0.869592457846018     
          35          37  0.837593336477017     
