   -0.17762941
   -0.03070632
   -0.07066527
   -0.10864456
    0.36259873
   -0.63425025
   -0.62902381
    0.31172209
    0.26708369
    0.09854857
    0.11830723
    0.06044181
    0.04405450
    0.07095760
    0.02041969
    0.28725284
   -0.69106997
    0.35088259
    0.33766958
   -0.67733230
    0.32728381
    0.33938713
   -0.65341117
    0.34447575
    0.33519810
   -0.68648242
    0.34435726
    0.32699471
   -0.68755335
    0.33512656
    0.33268909
   -0.65690231
    0.33783012
    0.33979401
   -0.67098273
    0.33301758
    0.34856082
