           1           2  0.978930960991552     
           2           3   1.01126678888746     
           3           4  0.996249209502710     
           4           5  0.948045557193099     
           5           6   1.55854936901967     
           5           7   1.37180978374719     
           6           7  0.190042376922583     
           1           8  0.817560100598143     
           1           9  0.913599834316785     
           2          10  0.968203242909201     
           2          11  0.955807380146310     
           3          12  0.971776418816221     
           3          13  0.974732488920488     
           4          14  0.953809065790591     
           4          15  0.980439931798077     
           1          16  0.820413930148623     
          17          18  0.872356171978154     
          17          19  0.837388847431141     
          20          21  0.868367773127950     
          20          22  0.837262714318279     
          23          24  0.869569662373563     
          23          25  0.833055665582125     
          26          27  0.875637033094204     
          26          28  0.850123851325230     
          29          30  0.848264877542084     
          29          31  0.887211829930846     
          32          33  0.850631696097151     
          32          34  0.874454235457778     
          35          36  0.862948398211878     
          35          37  0.874300349587538     
