   -0.18828703
   -0.02151108
   -0.07781828
   -0.09934192
    0.36175078
   -0.63882879
   -0.66300292
    0.29916074
    0.29048699
    0.08118540
    0.08161093
    0.07616278
    0.05504149
    0.03127644
    0.02701388
    0.29736116
   -0.68439052
    0.34779002
    0.33079790
   -0.66793052
    0.35191832
    0.34760265
   -0.65577428
    0.35456327
    0.32178359
   -0.68808142
    0.34875379
    0.35500036
   -0.66357299
    0.31557510
    0.34287536
   -0.67466945
    0.35093944
    0.34838766
   -0.68047239
    0.34494010
    0.34170345
