           1           2  0.993294626250671     
           2           3   1.00602833590142     
           3           4   1.01031696574051     
           4           5  0.935359861683736     
           5           6   1.42903472924230     
           5           7   1.51759819622419     
           6           7  0.197744780047070     
           1           8  0.815395350323043     
           1           9  0.856591694318574     
           2          10  0.972417165458568     
           2          11  0.967541134842363     
           3          12  0.966129979923044     
           3          13  0.977140604485427     
           4          14  0.966291659243528     
           4          15  0.964391697776938     
           1          16  0.832405588675453     
          17          18  0.847727060638771     
          17          19  0.850500885213190     
          20          21  0.868729346364516     
          20          22  0.835464639664115     
          23          24  0.812066327072768     
          23          25  0.861624673092758     
          26          27  0.837698566708864     
          26          28  0.871613065311556     
          29          30  0.848762998370414     
          29          31  0.878598313928188     
          32          33  0.869285974440745     
          32          34  0.816826016930768     
          35          36  0.874499872383057     
          35          37  0.847939526126419     
