   -0.18382412
   -0.01983947
   -0.07852795
   -0.10098983
    0.36424448
   -0.60655644
   -0.64795014
    0.29179402
    0.29157129
    0.08700728
    0.07626414
    0.07089364
    0.06390808
    0.04754186
    0.04650108
    0.29735195
   -0.66651366
    0.34267792
    0.35587200
   -0.70104391
    0.36226202
    0.36329463
   -0.65276326
    0.31609799
    0.35321813
   -0.69053968
    0.35307854
    0.31446348
   -0.68138734
    0.31216407
    0.31922802
   -0.69566199
    0.30544351
    0.35139837
   -0.68409167
    0.36076962
    0.36264332
