           1           2  0.989265425127117     
           2           3   1.00786003906305     
           3           4   1.00958416175555     
           4           5  0.951809607547333     
           5           6   1.48706488715393     
           5           7   1.44012667377341     
           6           7  0.194083271783901     
           1           8  0.848482064597738     
           1           9  0.848331796499940     
           2          10  0.971447969869454     
           2          11  0.970899498569275     
           3          12  0.967705149589202     
           3          13  0.975118897835859     
           4          14  0.960562290500581     
           4          15  0.959780725584104     
           1          16  0.823997351655658     
          17          18  0.846162139199728     
          17          19  0.869835870062708     
          20          21  0.865849332260484     
          20          22  0.864839486787867     
          23          24  0.865813492562838     
          23          25  0.870527029435969     
          26          27  0.873032258348325     
          26          28  0.846075162460587     
          29          30  0.856570173946406     
          29          31  0.873411110503422     
          32          33  0.854421680817594     
          32          34  0.876138583688807     
          35          36  0.866647070382068     
          35          37  0.865092355984994     
