   -0.20186959
   -0.02082271
   -0.07196946
   -0.10191974
    0.36212671
   -0.65202267
   -0.61620884
    0.28951600
    0.27439596
    0.09692393
    0.08059405
    0.05338655
    0.05471379
    0.04450968
    0.01901440
    0.29495449
   -0.66906446
    0.33995219
    0.35116131
   -0.65992917
    0.33514433
    0.35320511
   -0.67355142
    0.34231204
    0.34486750
   -0.68266911
    0.34280969
    0.34060777
   -0.69384111
    0.34119076
    0.35149012
   -0.66987766
    0.34150980
    0.34907166
   -0.68328505
    0.34826916
    0.34530398
