           1           2  0.990846721605602     
           2           3   1.01046055157748     
           3           4   1.00032862743761     
           4           5  0.939440750286713     
           5           6   1.53075337436971     
           5           7   1.41919926920517     
           6           7  0.201368787977716     
           1           8  0.816725319976728     
           1           9  0.829960121531052     
           2          10  0.968117732415158     
           2          11  0.969656563070869     
           3          12  0.973455993936580     
           3          13  0.973746368363754     
           4          14  0.958894944305247     
           4          15  0.979997917440499     
           1          16  0.828494482652452     
          17          18  0.844439156936307     
          17          19  0.870919467076685     
          20          21  0.847476990386391     
          20          22  0.868446030095231     
          23          24  0.838083264524622     
          23          25  0.849615682899139     
          26          27  0.878747319972023     
          26          28  0.844359331600801     
          29          30  0.836840913751787     
          29          31  0.872713337332388     
          32          33  0.837118212186768     
          32          34  0.835593496360359     
          35          36  0.873785601261535     
          35          37  0.845094633266038     
