   -0.11849136
    0.36207568
   -0.67372412
   -0.66232562
   -0.01149977
   -0.18017350
    0.04925188
    0.05527758
    0.07960768
    0.08393350
    0.29476541
    0.27500739
    0.31585231
   -0.68482507
    0.34314724
    0.33721523
   -0.67919520
    0.35546093
    0.35052310
   -0.68067847
    0.36167213
    0.34094789
   -0.68157088
    0.34118862
    0.34269197
   -0.68484862
    0.35228916
    0.33157354
   -0.65536398
    0.36712378
    0.33399082
   -0.65304979
    0.34772411
    0.34442645
