           1           2  0.919609670274573     
           2           3   1.48651452435759     
           2           4   1.49511719934517     
           3           4  0.212309802270799     
           1           5   1.01097301899481     
           5           6  0.988659928537460     
           1           7  0.962037611151055     
           1           8  0.974893381731220     
           5           9  0.971070019071820     
           5          10  0.967024406875829     
           6          11  0.831282964213790     
           6          12  0.900493046031313     
           6          13  0.788742755473561     
          14          15  0.877131826604364     
          14          16  0.835894166192672     
          17          18  0.848568279792711     
          17          19  0.872109585272415     
          20          21  0.865311580695447     
          20          22  0.879810118231717     
          23          24  0.858300921220783     
          23          25  0.877874396813833     
          26          27  0.823473239481058     
          26          28  0.886350780695655     
          29          30  0.861635366296290     
          29          31  0.854019725365197     
          32          33  0.847432577688748     
          32          34  0.834947071984183     
