    0.07398888
   -0.01759898
    0.28848486
    0.11399409
   -0.19630140
    0.05937914
   -0.12024909
   -0.63800981
    0.36235271
    0.28779273
   -0.65370896
    0.30160111
    0.06757353
   -0.67210318
    0.33136836
    0.35095410
   -0.69907771
    0.32699194
    0.34922699
   -0.70148863
    0.36390993
    0.36347898
   -0.67967781
    0.34252250
    0.35290170
   -0.68665678
    0.36771978
    0.34372170
   -0.66729281
    0.32637215
    0.33590511
   -0.69856608
    0.35835960
    0.36213133
