           1           2  0.973576298433467     
           2           4  0.959060061372204     
           2           5  0.977044824952270     
           3           5  0.904413701055439     
           2           7   1.01108767413661     
           6           7  0.970516083879534     
           7           9  0.934802345095997     
           8           9   1.44272965212272     
           5          10  0.824658239675288     
           8          11  0.204834418747096     
           9          11   1.52151924057762     
           5          12  0.811997448650152     
           7          13  0.956726878140051     
          14          15  0.851647590364400     
          14          16  0.873791579884522     
          17          18  0.861156451000432     
          17          19  0.877914509203335     
          20          21  0.865058171412164     
          20          22  0.865109979329375     
          23          24  0.815013180983544     
          23          25  0.871174889603512     
          26          27  0.862877872567187     
          26          28  0.880223195400509     
          29          30  0.860539208529078     
          29          31  0.841809866197418     
          32          33  0.869191877633033     
          32          34  0.866816399203069     
