   -0.17748982
   -0.03207743
   -0.07153751
   -0.10462722
    0.36357003
   -0.60821537
   -0.66898621
    0.29025499
    0.28856970
    0.10071709
    0.10061841
    0.05566805
    0.05476928
    0.05470261
    0.05509596
    0.32322824
   -0.66080718
    0.36450466
    0.34996327
   -0.70219684
    0.32283383
    0.35479498
   -0.67680413
    0.33287263
    0.35657610
   -0.70114948
    0.36064171
    0.36179975
   -0.67235015
    0.33539884
    0.31186690
   -0.68563841
    0.29953319
    0.35416251
   -0.68638975
    0.35562045
    0.30050630
