           1           2  0.982726848821338     
           2           3   1.00940406282865     
           3           4   1.00838916298281     
           4           5  0.952753391022045     
           5           6   1.55878318689308     
           5           7   1.36844705437100     
           6           7  0.189553978044140     
           1           8  0.901537649404072     
           1           9  0.901868709469464     
           2          10  0.967342465126788     
           2          11  0.967331256830853     
           3          12  0.973818299654962     
           3          13  0.974024154786012     
           4          14  0.958760062017144     
           4          15  0.958868738896832     
           1          16  0.766922859610965     
          16          17  0.117120388651787     
          17          18  0.863017507514298     
          17          19  0.827940726257534     
          20          21  0.861248699715265     
          20          22  0.874053307152085     
          23          24  0.855486808391291     
          23          25  0.869059174050532     
          26          27  0.866801677825806     
          26          28  0.865829441956065     
          29          30  0.882315398896807     
          29          31  0.837318855861459     
          32          33  0.864944502108678     
          32          34  0.874036753223646     
          35          36  0.873031424457547     
          35          37  0.866611095319696     
