   -0.18566094
   -0.01664445
   -0.07326152
   -0.10026584
    0.35879323
   -0.64927077
   -0.68970695
    0.28671054
    0.30326119
    0.07947612
    0.06833543
    0.05246462
    0.07421106
    0.02918768
    0.02687252
    0.29586373
   -0.68687719
    0.35388342
    0.34957592
   -0.64296099
    0.33468986
    0.33412987
   -0.68316902
    0.35229615
    0.35720960
   -0.68342489
    0.35225816
    0.35041091
   -0.67900297
    0.33150208
    0.35899619
   -0.69705805
    0.35766547
    0.36159571
   -0.68058379
    0.34660078
    0.35189716
