           1           2  0.992753430869315     
           2           3   1.00815125550477     
           3           4   1.00984932156719     
           4           5  0.926152382808061     
           5           6   1.49968301070802     
           5           7   1.47437410025177     
           6           7  0.209716578745534     
           1           8  0.844814390801056     
           1           9  0.819441905212528     
           2          10  0.970025036811493     
           2          11  0.970605995910968     
           3          12  0.974193774129323     
           3          13  0.970777827984131     
           4          14  0.969265091903604     
           4          15  0.966415826217027     
           1          16  0.843732625901680     
          17          18  0.870536265693894     
          17          19  0.842015113989407     
          20          21  0.850325749915758     
          20          22  0.832834639233063     
          23          24  0.873211131046635     
          23          25  0.869935208135832     
          26          27  0.830792919485936     
          26          28  0.870303969184911     
          29          30  0.852332432604785     
          29          31  0.868778719296584     
          32          33  0.869459010253965     
          32          34  0.866045940631407     
          35          36  0.877608320682106     
          35          37  0.838893782316238     
