   -0.18358102
   -0.02527254
   -0.07374155
   -0.10289099
    0.36800956
   -0.63127010
   -0.60567927
    0.31188846
    0.28048238
    0.10016748
    0.09578346
    0.06913700
    0.06022370
    0.04580483
    0.03037044
    0.28359862
   -0.68670207
    0.33035740
    0.35481561
   -0.69828446
    0.31880446
    0.34829371
   -0.65986830
    0.32718343
    0.32658628
   -0.66622832
    0.30685256
    0.33816889
   -0.68034432
    0.35542328
    0.31706802
   -0.66108373
    0.34314619
    0.35554512
   -0.68205928
    0.34927677
    0.34001832
