           1           2  0.977281285331874     
           2           3   1.01152985262028     
           3           4  0.987572655712861     
           4           5  0.949204501687710     
           5           6   1.46961564749420     
           5           7   1.45818589529465     
           6           7  0.195045484421325     
           1           8  0.800159531620027     
           1           9  0.907405713059241     
           2          10  0.967915335525293     
           2          11  0.961772082961032     
           3          12  0.969618601184645     
           3          13  0.974399760862584     
           4          14  0.974946242080079     
           4          15  0.976469812699345     
           1          16  0.848442304019022     
          17          18  0.843052033746361     
          17          19  0.871072445893035     
          20          21  0.852925037519382     
          20          22  0.877421540890793     
          23          24  0.844433141925212     
          23          25  0.846120674597587     
          26          27  0.875183444438551     
          26          28  0.833686843144971     
          29          30  0.870154492830644     
          29          31  0.840853146244707     
          32          33  0.837805041902724     
          32          34  0.870712525045561     
          35          36  0.874406567922123     
          35          37  0.801623600050964     
