   -0.18571679
   -0.01783915
   -0.06957922
   -0.11113182
    0.36338787
   -0.65264834
   -0.63832521
    0.29494292
    0.29840926
    0.09259253
    0.06151226
    0.03912296
    0.06872383
    0.06965093
    0.02308994
    0.28070833
   -0.65832229
    0.33723896
    0.32711792
   -0.66335044
    0.35368961
    0.33665797
   -0.66290809
    0.34855847
    0.33422139
   -0.69817031
    0.36041535
    0.35810656
   -0.68670049
    0.33743382
    0.34548303
   -0.68435114
    0.35113013
    0.34863775
   -0.68847745
    0.34625182
    0.34043713
