           1           2  0.990413430075549     
           2           3   1.00702867903789     
           3           4  0.993519263480322     
           4           5  0.936672777336701     
           5           6   1.53159969929836     
           5           7   1.42361082685448     
           6           7  0.201769585021463     
           1           8  0.822154364562460     
           1           9  0.840803732477868     
           2          10  0.969614961278015     
           2          11  0.974529170638267     
           3          12  0.976950324977292     
           3          13  0.973740847857536     
           4          14  0.966503739582863     
           4          15  0.978508697658522     
           1          16  0.842855635393385     
          17          18  0.867753536941574     
          17          19  0.858829811525128     
          20          21  0.867491101856741     
          20          22  0.838738207793754     
          23          24  0.869035695780665     
          23          25  0.857499368896962     
          26          27  0.867534669867139     
          26          28  0.869085547299046     
          29          30  0.819928905664179     
          29          31  0.873352824331103     
          32          33  0.816669914740633     
          32          34  0.875235012367200     
          35          36  0.851150109178794     
          35          37  0.844935159298065     
