   -0.19262202
   -0.05408132
   -0.08905780
   -0.12943799
    0.36066193
   -0.64744868
   -0.65796972
    0.30426597
    0.31854583
    0.12876270
    0.09694707
    0.04940232
    0.11483087
    0.08649423
    0.07083110
    0.31170573
   -0.63953691
    0.32788051
    0.35415303
   -0.71651236
    0.34630773
    0.34001502
   -0.70339045
    0.36349207
    0.30864043
   -0.64929114
    0.35015485
    0.32409053
   -0.68340069
    0.31650077
    0.35167155
   -0.69772770
    0.34432258
    0.34354649
   -0.70032393
    0.33137457
    0.35245407
   -0.68298096
    0.37037579
    0.33040310
   -0.67881020
    0.31878742
    0.34611536
   -0.68625159
    0.33657613
    0.38716314
   -0.68761930
    0.34179318
    0.31001087
   -0.67377945
    0.33086701
    0.37168320
   -0.68431293
    0.37383989
    0.33893879
   -0.70885208
    0.35426018
    0.34620475
   -0.65700872
    0.34459228
    0.35184846
   -0.65876394
    0.32926532
    0.31425076
   -0.73141273
    0.35832544
    0.34415990
   -0.67635582
    0.34558619
    0.33596883
   -0.67865288
    0.37421038
    0.33092977
   -0.64326378
    0.35173668
    0.32388281
   -0.64073701
    0.30862300
    0.32907788
   -0.64732962
    0.31320337
    0.32546537
   -0.69922203
    0.33209778
    0.37371924
   -0.70815184
    0.36530948
    0.34524654
   -0.74104124
    0.36458099
    0.33947889
   -0.69198393
    0.35660587
    0.32502907
   -0.68296094
    0.33557649
    0.37301316
   -0.71487724
    0.34257915
    0.33511686
   -0.68993659
    0.31909232
    0.35490906
   -0.62191461
    0.35105077
    0.32088739
   -0.65275922
    0.37216660
    0.32994042
   -0.65937667
    0.33646761
    0.32041647
   -0.70977239
    0.34156075
    0.35179313
   -0.67298235
    0.33239913
    0.35833580
   -0.68344248
    0.33440523
    0.33782059
   -0.69021930
    0.33047818
    0.34231016
   -0.68676386
    0.32713672
    0.37693981
   -0.72348599
    0.34607218
    0.35019601
   -0.69824090
    0.32119648
    0.36613977
   -0.67389472
    0.35192854
    0.33208264
   -0.70016762
    0.35360943
    0.33309377
   -0.68513523
    0.34233231
    0.32413684
   -0.71045777
    0.35853956
    0.34245009
   -0.68637903
    0.33762831
    0.34295296
   -0.69945343
    0.33212707
    0.35511276
   -0.69802468
    0.32728603
    0.33926252
   -0.69612243
    0.33890787
    0.33861375
   -0.63343242
    0.32945186
    0.31745044
   -0.69369855
    0.34265934
    0.33142373
   -0.72179081
    0.32660302
    0.37970180
