   -0.19776746
   -0.02574071
   -0.07066730
   -0.10787619
    0.36235754
   -0.66036885
   -0.62363799
    0.30373667
    0.26734904
    0.09443798
    0.10749086
    0.06029059
    0.04318833
    0.06229157
    0.02379690
    0.28554583
   -0.69518168
    0.33386527
    0.35168904
   -0.70038610
    0.35761233
    0.36366606
   -0.67387127
    0.32572180
    0.35977504
   -0.66065431
    0.32584380
    0.33643956
   -0.66218446
    0.33444341
    0.34210657
   -0.69520796
    0.36602143
    0.35650588
   -0.67598426
    0.35582671
    0.32952632
