   -0.18483667
   -0.02291265
   -0.07087911
   -0.10452933
    0.36335388
   -0.63905703
   -0.62313926
    0.30709383
    0.28024836
    0.10226285
    0.08438321
    0.04900285
    0.06563090
    0.04833104
    0.02685337
    0.28239021
   -0.69119913
    0.34051951
    0.34828791
   -0.69131232
    0.32153789
    0.32972507
   -0.69011249
    0.34027122
    0.36061521
   -0.66784712
    0.34426588
    0.35149646
   -0.68460819
    0.35906184
    0.37093672
   -0.70353458
    0.36157805
    0.34465474
   -0.67804406
    0.33742844
    0.33208248
