           1           2  0.981874727156384     
           2           3   1.00797676135478     
           3           4  0.993980930257103     
           4           5  0.938541041150798     
           5           6   1.53999597441341     
           5           7   1.41935463290577     
           6           7  0.204332594780300     
           1           8  0.796847465678504     
           1           9  0.907017509439740     
           2          10  0.968131061723396     
           2          11  0.968790279857654     
           3          12  0.975990745294455     
           3          13  0.974277740198107     
           4          14  0.971088485862264     
           4          15  0.979153500789772     
           1          16  0.834821883990735     
          17          18  0.835574521428246     
          17          19  0.875557632396259     
          20          21  0.842537619057153     
          20          22  0.890743092044437     
          23          24  0.849792129141504     
          23          25  0.867096980554101     
          26          27  0.816752063802635     
          26          28  0.873621525312074     
          29          30  0.868224616506686     
          29          31  0.858695690207794     
          32          33  0.868746885821112     
          32          34  0.880711690434741     
          35          36  0.839277048790183     
          35          37  0.856631638415734     
