   -0.18862591
   -0.02969402
   -0.07326433
   -0.10588987
    0.36383715
   -0.65222968
   -0.60453762
    0.28555177
    0.29166881
    0.10339137
    0.09606368
    0.05389857
    0.05976084
    0.06559759
    0.02721468
    0.28093341
   -0.70201213
    0.35082572
    0.35595118
   -0.67360996
    0.35954527
    0.31800901
   -0.67077465
    0.33639653
    0.35838261
   -0.67145474
    0.34831509
    0.32973972
   -0.68077470
    0.31164815
    0.35310475
   -0.69579040
    0.33078867
    0.34057030
   -0.66690833
    0.36228524
    0.33208624
