           1           2  0.977116682381881     
           2           3   1.01290749559259     
           3           4   1.00651329210702     
           4           5  0.953482592844785     
           5           6   1.47560494683625     
           5           7   1.44601548443624     
           6           7  0.191106756088373     
           1           8  0.864544934908295     
           1           9  0.837717258285197     
           2          10  0.962774196395840     
           2          11  0.965017071237096     
           3          12  0.973564080848071     
           3          13  0.972110042780679     
           4          14  0.949823455630934     
           4          15  0.969299864977055     
           1          16  0.826116448420447     
          17          18  0.875833397075645     
          17          19  0.872240332645545     
          20          21  0.867183231140461     
          20          22  0.858141271266419     
          23          24  0.848267456686008     
          23          25  0.868760701753491     
          26          27  0.873742841132928     
          26          28  0.859796613553454     
          29          30  0.842954968755820     
          29          31  0.871892443616732     
          32          33  0.850308563611141     
          32          34  0.881651997301811     
          35          36  0.861906678018011     
          35          37  0.844087907550750     
