    0.06860935
   -0.01589005
    0.30075709
    0.10496327
   -0.19156957
    0.03889759
   -0.11501831
   -0.63434834
    0.36318281
    0.27893258
   -0.65214153
    0.29234088
    0.06300712
   -0.65055161
    0.32820700
    0.33878766
   -0.67086761
    0.34113991
    0.34159268
   -0.67738692
    0.33869300
    0.34013434
   -0.70491668
    0.35707359
    0.35254714
   -0.69540208
    0.34742148
    0.35963361
   -0.67937381
    0.36279514
    0.36078816
   -0.67925578
    0.34650951
    0.34070836
