           1           2  0.973442306450051     
           2           4  0.960194060321629     
           2           5  0.990011584640728     
           3           5  0.812997715721866     
           2           7   1.00515397030805     
           6           7  0.977031963274482     
           7           9  0.934654397946549     
           8           9   1.43015481973281     
           5          10  0.847459993053475     
           8          11  0.203086288409483     
           9          11   1.52903339030258     
           5          12  0.839051117518729     
           7          13  0.959395193607628     
          14          15  0.860493925116639     
          14          16  0.852680393204943     
          17          18  0.849045778916545     
          17          19  0.841210503526791     
          20          21  0.853456246535526     
          20          22  0.837243948838969     
          23          24  0.871334597542075     
          23          25  0.874354406511540     
          26          27  0.867929498323569     
          26          28  0.868159719312161     
          29          30  0.865608569403351     
          29          31  0.866426051232203     
          32          33  0.876833795718847     
          32          34  0.850644264834632     
