   -0.12478918
    0.36552376
   -0.64260847
   -0.64328324
   -0.00915588
   -0.20023530
    0.06184301
    0.09481812
    0.07691307
    0.07197592
    0.31129416
    0.29970124
    0.28234161
   -0.67913268
    0.33298723
    0.34324576
   -0.65168785
    0.36448832
    0.33317249
   -0.67180896
    0.32244557
    0.34960132
   -0.68567411
    0.35085447
    0.35878845
   -0.69688466
    0.34880891
    0.31467313
   -0.65753606
    0.33272997
    0.35311782
   -0.68245509
    0.33004564
    0.34588151
