           1           2  0.937002311248839     
           2           3   1.49114953572552     
           2           4   1.45700437031225     
           3           4  0.200604609987175     
           1           5   1.00238230333772     
           5           6  0.984973914396432     
           1           7  0.974967282177422     
           1           8  0.951345662801489     
           5           9  0.970241442543664     
           5          10  0.974202044365355     
           6          11  0.772500334056920     
           6          12  0.830480260972198     
           6          13  0.906701582812615     
          14          15  0.855182528507609     
          14          16  0.851451927920393     
          17          18  0.861705312609691     
          17          19  0.853312438863797     
          20          21  0.822258860209531     
          20          22  0.870674552844990     
          23          24  0.873849044470693     
          23          25  0.866489596364665     
          26          27  0.878127999529384     
          26          28  0.854196234309778     
          11          29  0.117974405895126     
          29          30  0.855767150072928     
          29          31  0.818866075186194     
          32          33  0.845085330513062     
          32          34  0.874755490060748     
