   -0.17986209
   -0.02564010
   -0.08141185
   -0.10191101
    0.36315831
   -0.63590370
   -0.66339308
    0.29671895
    0.28999670
    0.08604202
    0.08628274
    0.07107772
    0.07228217
    0.04148155
    0.03439987
    0.30230002
   -0.66346607
    0.34559270
    0.32952594
   -0.69539644
    0.34756018
    0.30416932
   -0.68702864
    0.34290264
    0.35027503
   -0.66031772
    0.31970590
    0.35272635
   -0.67197631
    0.35123755
    0.34467776
   -0.65176879
    0.34431148
    0.33790770
   -0.68971954
    0.34024345
    0.35321928
