           1           2  0.988377101089843     
           2           3   1.00787923264752     
           3           4   1.01083229817011     
           4           5  0.940041114232956     
           5           6   1.48091470004063     
           5           7   1.46267775994098     
           6           7  0.196920919141831     
           1           8  0.852081463001518     
           1           9  0.866273689714006     
           2          10  0.970094638050738     
           2          11  0.970312536721804     
           3          12  0.966629283730469     
           3          13  0.964730486239233     
           4          14  0.963632164134222     
           4          15  0.962830838421490     
           1          16  0.814012924744164     
          17          18  0.875089552222310     
          17          19  0.858007261293858     
          20          21  0.878660753349590     
          20          22  0.848120951726031     
          23          24  0.835963252711617     
          23          25  0.873557175731086     
          26          27  0.850556005789615     
          26          28  0.869363662524690     
          29          30  0.872783409762085     
          29          31  0.827008152799448     
          32          33  0.875820159120053     
          32          34  0.846606673754605     
          35          36  0.841657433108270     
          35          37  0.871710023109298     
