    0.07344171
   -0.02069970
    0.28839431
    0.11567460
   -0.19300961
    0.06231734
   -0.12051717
   -0.61366503
    0.36510919
    0.28652358
   -0.64967860
    0.30820808
    0.09190714
   -0.67836395
    0.32360477
    0.35171024
   -0.68188643
    0.33128841
    0.35218318
   -0.72048410
    0.36349424
    0.35698991
   -0.67589353
    0.33106664
    0.35131548
   -0.69032695
    0.35060874
    0.31693979
   -0.66480702
    0.33813094
    0.31992224
   -0.66080001
    0.35203378
    0.33926778
