           1           2  0.973833709163370     
           2           4  0.960927913495020     
           2           5  0.977620622244543     
           3           5  0.904078738695712     
           2           7   1.01165899252579     
           6           7  0.968242135987526     
           7           9  0.947832843741591     
           8           9   1.49422833913774     
           5          10  0.842470421423751     
           8          11  0.194694793385792     
           9          11   1.44154020817591     
           5          12  0.802172392060124     
           7          13  0.945596148498189     
          14          15  0.840617140200424     
          14          16  0.872098489310135     
          17          18  0.842184078457656     
          17          19  0.871935865094404     
          20          21  0.867673776527623     
          20          22  0.872360017309927     
          23          24  0.840118947096722     
          23          25  0.871993565183504     
          26          27  0.876503270215445     
          26          28  0.861574783244713     
          29          30  0.879206264868116     
          29          31  0.836716361315326     
          32          33  0.821079590354263     
          32          34  0.881786966623782     
