   -0.18571896
   -0.02195687
   -0.07233996
   -0.10944822
    0.36228018
   -0.65494197
   -0.63665879
    0.28810111
    0.30680211
    0.11496136
    0.06180980
    0.04899797
    0.08445917
    0.05321157
    0.02571067
    0.28690432
   -0.67312799
    0.35266708
    0.35952116
   -0.69110653
    0.33967754
    0.34787797
   -0.70745290
    0.34486750
    0.34632227
   -0.67985607
    0.34068291
    0.33449112
   -0.63975574
    0.34400167
    0.34051106
   -0.67231209
    0.34487494
    0.32329362
   -0.68971909
    0.33795573
    0.34441237
