           1           2  0.978398755296407     
           2           3   1.00933725397653     
           3           4  0.994167261368423     
           4           5  0.935009275396356     
           5           6   1.52483481881620     
           5           7   1.43726631638848     
           6           7  0.204809307656215     
           1           8  0.903701958359106     
           1           9  0.830732263757849     
           2          10  0.962085157179965     
           2          11  0.975468465774853     
           3          12  0.975834132140084     
           3          13  0.969156245769338     
           4          14  0.971230964626169     
           4          15  0.979660756442496     
           1          16  0.819974991393919     
          17          18  0.870483717325261     
          17          19  0.868581378938610     
          20          21  0.858109177513802     
          20          22  0.876052677949644     
          23          24  0.818636212912054     
          23          25  0.875828388278266     
          26          27  0.840522016370395     
          26          28  0.851850199628274     
          29          30  0.856348349448818     
          29          31  0.841653332678728     
          32          33  0.826477651697924     
          32          34  0.870568932256997     
          35          36  0.818329734685659     
          35          37  0.874199292521237     
