   -0.11652444
    0.36635902
   -0.65686043
   -0.63486377
   -0.02658395
   -0.17672248
    0.06756919
    0.05426605
    0.10283711
    0.10737369
    0.28051832
    0.29466107
    0.31431936
   -0.66379595
    0.32570888
    0.32696963
   -0.69370725
    0.30657345
    0.34471091
   -0.69442508
    0.32206472
    0.34309450
   -0.67670647
    0.36199582
    0.35252893
   -0.70048728
    0.36151965
    0.35724991
   -0.66849410
    0.36102088
    0.34829140
   -0.66552395
    0.32289536
    0.35216728
