           1           2  0.936829974443958     
           2           3   1.46474106549366     
           2           4   1.48348966212020     
           3           4  0.198646882437995     
           1           5   1.01622976637095     
           5           6  0.978773672738018     
           1           7  0.961088038217787     
           1           8  0.959744872573431     
           5           9  0.960410341785343     
           5          10  0.960589651842179     
           6          11  0.907427682952139     
           6          12  0.847487171931906     
           6          13  0.811360706516220     
          14          15  0.859601145357904     
          14          16  0.852848768574507     
          17          18  0.847988305231745     
          17          19  0.880533353527024     
          20          21  0.868603777816135     
          20          22  0.859617936766326     
          23          24  0.865078520162642     
          23          25  0.871542490005892     
          26          27  0.866474185125598     
          26          28  0.870609927311058     
          29          30  0.861823556182390     
          29          31  0.831510208203345     
          32          33  0.845826356135178     
          32          34  0.869632074830209     
