   -0.18213581
   -0.02210430
   -0.07480715
   -0.10497664
    0.36329226
   -0.64066251
   -0.61148697
    0.29862382
    0.27971988
    0.10283921
    0.08311998
    0.06544248
    0.06631384
    0.04639392
    0.03034185
    0.29359522
   -0.69858988
    0.36016659
    0.36356038
   -0.68042922
    0.36442477
    0.36278474
   -0.69344535
    0.31480205
    0.33629711
   -0.70546317
    0.34522984
    0.32877964
   -0.70599047
    0.32987360
    0.35231137
   -0.68607779
    0.36012267
    0.35018640
   -0.67723786
    0.35640113
    0.32878440
