           1           2  0.977803448336563     
           2           3   1.01018307770422     
           3           4  0.992600113943462     
           4           5  0.943010132156471     
           5           6   1.49809537628477     
           5           7   1.45566083661284     
           6           7  0.202922290189519     
           1           8  0.835448898384377     
           1           9  0.906923824478204     
           2          10  0.968236938596607     
           2          11  0.971467449694545     
           3          12  0.971395962682216     
           3          13  0.974165263281300     
           4          14  0.969243425428418     
           4          15  0.979772261464806     
           1          16  0.811907973076776     
          17          18  0.868213562373097     
          17          19  0.865555663587191     
          20          21  0.863599238284838     
          20          22  0.865560499660907     
          23          24  0.846904288175099     
          23          25  0.884469108273994     
          26          27  0.880617963503241     
          26          28  0.848601522511502     
          29          30  0.857915090353931     
          29          31  0.875719206082735     
          32          33  0.868721806206346     
          32          34  0.875945055452288     
          35          36  0.871397420344470     
          35          37  0.855735374360143     
