   -0.18782958
   -0.02446554
   -0.07492684
   -0.10657254
    0.36396788
   -0.63987684
   -0.59035641
    0.29679037
    0.28279984
    0.09696447
    0.08443863
    0.06144135
    0.06259113
    0.05198126
    0.04351080
    0.28323382
   -0.67120273
    0.36497855
    0.35588140
   -0.69804136
    0.35138572
    0.31050318
   -0.66790376
    0.32805754
    0.34623852
   -0.68198622
    0.35008392
    0.34953485
   -0.71862309
    0.35840633
    0.36021666
   -0.69757108
    0.30958019
    0.35111248
   -0.67905407
    0.33896791
    0.33574329
