           1           2  0.985836118394492     
           2           3   1.01065850246700     
           3           4   1.00197717032637     
           4           5  0.951935731014543     
           5           6   1.45973530168514     
           5           7   1.46899051708884     
           6           7  0.193607032935501     
           1           8  0.820597763664943     
           1           9  0.865311934375096     
           2          10  0.969082857070909     
           2          11  0.969289185779137     
           3          12  0.972569166702819     
           3          13  0.972642223700702     
           4          14  0.953198301465482     
           4          15  0.972419213186398     
           1          16  0.825281181881123     
          17          18  0.863264186223759     
          17          19  0.869307757758947     
          20          21  0.875797300978066     
          20          22  0.852673799656456     
          23          24  0.861247116312523     
          23          25  0.876426004732755     
          26          27  0.873878300146448     
          26          28  0.819725955526180     
          29          30  0.871356712375695     
          29          31  0.870061271873977     
          32          33  0.854735103840362     
          32          34  0.876528121593283     
          35          36  0.853994739227607     
          35          37  0.848798070387242     
