   -0.17988655
   -0.02231438
   -0.07001443
   -0.11144725
    0.36395526
   -0.63057810
   -0.63730124
    0.30407160
    0.29986471
    0.09508010
    0.07497183
    0.04253148
    0.06878179
    0.07413041
    0.02474436
    0.28875371
   -0.67821771
    0.33663545
    0.33720698
   -0.68335757
    0.36011125
    0.35226264
   -0.68131575
    0.34534230
    0.31788849
   -0.70509251
    0.34382670
    0.33090400
   -0.68283956
    0.34924428
    0.35052249
   -0.66017288
    0.33542795
    0.33304517
   -0.66425572
    0.32745158
    0.35003908
