           1           2  0.988268757577420     
           2           3   1.00774338593874     
           3           4  0.991066841503069     
           4           5  0.944269371291284     
           5           6   1.56194164541054     
           5           7   1.37471519550745     
           6           7  0.192079324835038     
           1           8  0.838937926062417     
           1           9  0.855925776111335     
           2          10  0.969348804358852     
           2          11  0.971864198771963     
           3          12  0.976779736637920     
           3          13  0.973878909332911     
           4          14  0.965517646907496     
           4          15  0.977563267406898     
           1          16  0.834497947900065     
          17          18  0.848677229800437     
          17          19  0.844117699960223     
          20          21  0.868344792821325     
          20          22  0.874753742317105     
          23          24  0.840474653554825     
          23          25  0.862505767830376     
          26          27  0.881589440640787     
          26          28  0.848384292910733     
          29          30  0.808442462234553     
          29          31  0.867897546625833     
          32          33  0.879481520818244     
          32          34  0.856475846054493     
          35          36  0.841568957809629     
          35          37  0.870592634111206     
