    0.09380384
   -0.02380959
    0.30200579
    0.11513017
   -0.19176061
    0.04828070
   -0.11611247
   -0.63474421
    0.36438155
    0.27078774
   -0.65880621
    0.29397614
    0.05320359
   -0.68028732
    0.35466759
    0.35680223
   -0.67807210
    0.35048871
    0.35423950
   -0.69827069
    0.34660323
    0.34203333
   -0.68593588
    0.34387358
    0.34718341
   -0.67542426
    0.32631706
    0.30585093
   -0.67631423
    0.35071839
    0.35920633
   -0.66449070
    0.35637182
    0.34810265
