           1           2  0.963463984960002     
           2           4  0.957687594119059     
           2           5  0.982771634662001     
           3           5  0.828462601185330     
           2           7   1.00222385752980     
           6           7  0.975253647722568     
           7           9  0.938219883636460     
           8           9   1.46671494629378     
           5          10  0.858354636829055     
           8          11  0.201768497239372     
           9          11   1.48663705427731     
           5          12  0.832173893150094     
           7          13  0.964803607394607     
          14          15  0.836732503743303     
          14          16  0.865459959584706     
          17          18  0.839171143438768     
          17          19  0.871390774327119     
          20          21  0.876416045737024     
          20          22  0.839019989124006     
          23          24  0.838426620028241     
          23          25  0.871829755889112     
          26          27  0.869539238374468     
          26          28  0.868202553476759     
          29          30  0.831371639670813     
          29          31  0.865001433714433     
          32          33  0.864643418361214     
          32          34  0.827050200616197     
