   -0.19860564
   -0.02157632
   -0.07579909
   -0.09871102
    0.36270685
   -0.62344869
   -0.65312814
    0.30102879
    0.27307838
    0.08035667
    0.09035357
    0.06865450
    0.05248473
    0.03517393
    0.03247607
    0.31007262
   -0.68339221
    0.33795339
    0.33007679
   -0.65913538
    0.34496557
    0.34452797
   -0.67754835
    0.36071471
    0.36466731
   -0.68677648
    0.35202516
    0.31092907
   -0.67786976
    0.32486117
    0.35510892
   -0.65625250
    0.34545033
    0.33407687
   -0.64613953
    0.31695593
    0.32968380
