           1           2  0.990129444089126     
           2           3   1.00917794362876     
           3           4   1.00667659604409     
           4           5  0.941026664075791     
           5           6   1.48252956323690     
           5           7   1.46175159682060     
           6           7  0.199602493235222     
           1           8  0.802660900720261     
           1           9  0.911204052105287     
           2          10  0.971023758385758     
           2          11  0.964441213043557     
           3          12  0.968691653999170     
           3          13  0.976082663897480     
           4          14  0.973933550478089     
           4          15  0.959029105834405     
           1          16  0.791527203604589     
          17          18  0.879654412429472     
          17          19  0.831655505440460     
          20          21  0.847927579937014     
          20          22  0.845613036308368     
          23          24  0.866274139465781     
          23          25  0.864038138665002     
          26          27  0.872045970575341     
          26          28  0.833336702476681     
          29          30  0.854481351717206     
          29          31  0.871393523714448     
          32          33  0.842946410041105     
          32          34  0.855116604506830     
          35          36  0.847148434293693     
          35          37  0.842204200089313     
