   -0.19156823
   -0.03111334
   -0.07582188
   -0.10748633
    0.36152832
   -0.65248602
   -0.61740395
    0.28952528
    0.28466509
    0.11419458
    0.11151647
    0.08329170
    0.04925062
    0.05244561
    0.02648393
    0.29711066
   -0.67581803
    0.33987362
    0.35084234
   -0.69143711
    0.34022390
    0.34715170
   -0.67947798
    0.33593193
    0.34727713
   -0.68536877
    0.33879369
    0.34941610
   -0.70514400
    0.33764124
    0.33167510
   -0.65440162
    0.34346737
    0.34523015
   -0.69376046
    0.33863787
    0.34511334
