           1           2  0.965972603044766     
           2           3   1.01445129977252     
           3           4   1.00067300891541     
           4           5  0.941335508907606     
           5           6   1.52939088724173     
           5           7   1.42142990232233     
           6           7  0.198569554293899     
           1           8  0.903784525158387     
           1           9  0.905784856557227     
           2          10  0.961445147165956     
           2          11  0.959407882063330     
           3          12  0.965077142988903     
           3          13  0.974537142286174     
           4          14  0.957259277326980     
           4          15  0.978887829269795     
           1          16  0.767772780218221     
           7          16  0.125850573859832     
          17          18  0.828784470044537     
          17          19  0.868952922369269     
          20          21  0.827436917438217     
          20          22  0.873683082298679     
          23          24  0.838985613576561     
          23          25  0.874482414942863     
          26          27  0.834626856492795     
          26          28  0.872784877757855     
          29          30  0.863376826802719     
          29          31  0.860485123907459     
          32          33  0.877751551816582     
          32          34  0.845174525866539     
          35          36  0.840644543015559     
          35          37  0.877467371578861     
