   -0.11695715
    0.36248869
   -0.67684032
   -0.65826076
   -0.01483073
   -0.18160669
    0.05527927
    0.04667615
    0.07674910
    0.08392498
    0.29489018
    0.29352515
    0.30623957
   -0.68469429
    0.34513782
    0.34480657
   -0.68935058
    0.34830119
    0.35424574
   -0.66282650
    0.35309425
    0.35026929
   -0.66378597
    0.34726987
    0.33555657
   -0.68132032
    0.35028244
    0.35213079
   -0.68944660
    0.35328402
    0.34877940
   -0.68215985
    0.34194788
    0.35720083
