           1           2  0.918974936795537     
           2           3   1.48549072129664     
           2           4   1.49590180784456     
           3           4  0.211516860452584     
           1           5   1.01507508558598     
           5           6  0.990729441657823     
           1           7  0.960548615320135     
           1           8  0.973453889483860     
           5           9  0.971700662649259     
           5          10  0.967644558642136     
           6          11  0.841821589933185     
           6          12  0.849590326226341     
           6          13  0.823785005635224     
          14          15  0.841775537251982     
          14          16  0.844329823155387     
          17          18  0.838624164565002     
          17          19  0.869944893604425     
          20          21  0.813485632595955     
          20          22  0.869325954697088     
          23          24  0.820451851894580     
          23          25  0.878841955792693     
          26          27  0.871491142734069     
          26          28  0.827912696373458     
          29          30  0.870786316770836     
          29          31  0.834151228978297     
          32          33  0.873611664989626     
          32          34  0.795766813512767     
