   -0.18244188
   -0.02973253
   -0.06419306
   -0.10226281
    0.36378219
   -0.64313603
   -0.64030502
    0.30151973
    0.27232159
    0.08670794
    0.11633437
    0.05783580
    0.04162901
    0.03220249
    0.05274766
    0.30682901
   -0.69807927
    0.36421595
    0.36152570
   -0.67372340
    0.34054065
    0.35932808
   -0.69033247
    0.31331312
    0.33204566
   -0.66199007
    0.31871778
    0.35327848
   -0.66643256
    0.35490424
    0.33792585
   -0.68312517
    0.31018435
    0.35187846
   -0.68117574
    0.34826998
    0.33889194
