           1           2  0.985376570775699     
           2           3   1.00648102779683     
           3           4  0.991052927726056     
           4           5  0.944920827372151     
           5           6   1.48291387512123     
           5           7   1.46410637946241     
           6           7  0.202033777497824     
           1           8  0.807669373742252     
           1           9  0.909701831175595     
           2          10  0.970169489745026     
           2          11  0.959209557669180     
           3          12  0.974900944061544     
           3          13  0.975622793849471     
           4          14  0.976984203912222     
           4          15  0.971563360180543     
           1          16  0.820036332217391     
          17          18  0.864607224839076     
          17          19  0.867015899603103     
          20          21  0.826414916257523     
          20          22  0.867752348108736     
          23          24  0.842931893539197     
          23          25  0.888552910965402     
          26          27  0.855216983081949     
          26          28  0.871223607048960     
          29          30  0.869276869146618     
          29          31  0.844039433730291     
          32          33  0.834416763292414     
          32          34  0.871000059541168     
          35          36  0.875722956408135     
          35          37  0.835600018621209     
