   -0.18976783
   -0.02051734
   -0.07827049
   -0.10780722
    0.36444141
   -0.64503893
   -0.62454209
    0.28629204
    0.30519980
    0.11013064
    0.06190874
    0.07159202
    0.07544413
    0.04801299
    0.04024962
    0.28066377
   -0.68590684
    0.35492108
    0.36105494
   -0.68493910
    0.35330568
    0.32719623
   -0.67034542
    0.34250118
    0.35579859
   -0.67501303
    0.35212986
    0.32129203
   -0.67863742
    0.35351038
    0.33713076
   -0.68202570
    0.31518322
    0.32646651
   -0.68253566
    0.35060823
    0.33031323
