    0.07208126
   -0.01997056
    0.28815429
    0.11560002
   -0.19289700
    0.05995175
   -0.12443535
   -0.62095462
    0.36484526
    0.29164535
   -0.64729934
    0.30713459
    0.09386634
   -0.65630770
    0.33906639
    0.34099469
   -0.70142696
    0.34922740
    0.32654981
   -0.67823172
    0.35213847
    0.35877977
   -0.68981480
    0.34795900
    0.34899977
   -0.68519093
    0.34797459
    0.31414834
   -0.69749749
    0.34935938
    0.33581402
   -0.67721301
    0.34492277
    0.34202619
