           1           2  0.974148009972275     
           2           4  0.962011965447618     
           2           5  0.977294018928695     
           3           5  0.904580216983724     
           2           7   1.01024090619730     
           6           7  0.969888645848719     
           7           9  0.945485004140799     
           8           9   1.46822370140579     
           5          10  0.824582927527655     
           8          11  0.197208612033093     
           9          11   1.47661466497417     
           5          12  0.820534017101855     
           7          13  0.943429063665461     
          14          15  0.874628064974556     
          14          16  0.840488556664651     
          17          18  0.877866719047777     
          17          19  0.857550979210399     
          20          21  0.799591751057244     
          20          22  0.862498073142439     
          23          24  0.873384933630397     
          23          25  0.830561414578697     
          26          27  0.876323593858068     
          26          28  0.833267305931299     
          29          30  0.876190196906935     
          29          31  0.860838224228140     
          32          33  0.874317337782983     
          32          34  0.831800164461233     
