           1           2  0.983585840525816     
           2           3   1.00931683864888     
           3           4   1.00835796764396     
           4           5  0.942223678329916     
           5           6   1.52108679894432     
           5           7   1.42664947718724     
           6           7  0.199831912137834     
           1           8  0.912118188997460     
           1           9  0.820646729173328     
           2          10  0.961802905274680     
           2          11  0.969929503244380     
           3          12  0.975213724764579     
           3          13  0.973833669561999     
           4          14  0.960627515209987     
           4          15  0.960816728503446     
           1          16  0.803440476575996     
          17          18  0.816915762577085     
          17          19  0.870320318707075     
          20          21  0.877765317151258     
          20          22  0.867740127098324     
          23          24  0.850197062325066     
          23          25  0.859192547995413     
          26          27  0.876223165783358     
          26          28  0.862860383330122     
          29          30  0.869799698718593     
          29          31  0.881838020054178     
          32          33  0.873300166847617     
          32          34  0.830562879884236     
          35          36  0.864873182509596     
          35          37  0.841191820132805     
