   -0.11643562
    0.36605514
   -0.65290649
   -0.65073929
   -0.02108714
   -0.17087037
    0.05251767
    0.06266459
    0.10138627
    0.09109953
    0.30015056
    0.29834402
    0.29997742
   -0.69884800
    0.34455601
    0.35867639
   -0.69394912
    0.33311049
    0.35423273
   -0.68390659
    0.36179498
    0.36345503
   -0.68191757
    0.36037370
    0.35728597
   -0.68557814
    0.33524050
    0.34737795
   -0.67455073
    0.35193568
    0.31785546
   -0.70734704
    0.33051132
    0.34953468
