           1           2  0.926754180315110     
           2           3   1.51571916728172     
           2           4   1.45212524018025     
           3           4  0.206417701736054     
           1           5   1.01019320778777     
           5           6  0.975923890771434     
           1           7  0.977813825220603     
           1           8  0.960470684422547     
           5           9  0.961074300261637     
           5          10  0.965191262204486     
           6          11  0.840107531372643     
           6          12  0.847815773527519     
           6          13  0.897250120207793     
          14          15  0.880723933757893     
          14          16  0.870518061426830     
          17          18  0.840305179327611     
          17          19  0.872192394683567     
          20          21  0.865423014306071     
          20          22  0.863747607850339     
          23          24  0.865413470054521     
          23          25  0.868097732039905     
          26          27  0.834590328871719     
          26          28  0.877121820938507     
          29          30  0.872850308397080     
          29          31  0.834815137286516     
          32          33  0.852619339592223     
          32          34  0.877673596880775     
