   -0.18527108
   -0.02510641
   -0.07534175
   -0.10023522
    0.36249626
   -0.65291296
   -0.66491722
    0.28596781
    0.29420443
    0.08582424
    0.08607567
    0.04558079
    0.07907737
    0.03562032
    0.02187285
    0.30367867
   -0.69820572
    0.34351919
    0.34671505
   -0.66083089
    0.36706210
    0.34616794
   -0.65016306
    0.32883039
    0.36116089
   -0.67395564
    0.34883361
    0.31397573
   -0.67474691
    0.35399734
    0.34875898
   -0.68203353
    0.34434018
    0.33996058
   -0.72511854
    0.36288266
    0.36223589
