           1           2  0.992023534663474     
           2           3   1.00657174335754     
           3           4   1.00468100824500     
           4           5  0.931490837514601     
           5           6   1.45335984451475     
           5           7   1.50725973134164     
           6           7  0.204550676530109     
           1           8  0.859712259103331     
           1           9  0.836068108432956     
           2          10  0.969265533385164     
           2          11  0.970759173865326     
           3          12  0.977084976964784     
           3          13  0.960714455094703     
           4          14  0.961134783567206     
           4          15  0.980302493262183     
           1          16  0.811536785334278     
          17          18  0.821746549652938     
          17          19  0.874623689495533     
          20          21  0.861568782960040     
          20          22  0.875957218056323     
          23          24  0.850057604117171     
          23          25  0.864219826166793     
          26          27  0.872987677742298     
          26          28  0.844132401706114     
          29          30  0.870792865075176     
          29          31  0.828207943252957     
          32          33  0.849643530240367     
          32          34  0.852190507018133     
          35          36  0.868115946875252     
          35          37  0.868584712721609     
