   -0.12861214
    0.36566947
   -0.67305452
   -0.63287902
   -0.01290113
   -0.18975385
    0.08769110
    0.08837255
    0.07800487
    0.07935827
    0.30376865
    0.30308040
    0.28803862
   -0.68723284
    0.32922670
    0.34267859
   -0.67636314
    0.35696548
    0.31720921
   -0.67458439
    0.35563693
    0.33334728
   -0.66319554
    0.33296751
    0.35683398
   -0.71399032
    0.35643207
    0.35755821
   -0.66158970
    0.33332931
    0.36534345
   -0.67356472
    0.34025374
    0.31595495
