           1           2  0.944999509232588     
           2           3   1.39205244678101     
           2           4   1.54365880132183     
           3           4  0.192406648537463     
           1           5   1.01357491883260     
           5           6  0.983197627377343     
           1           7  0.943987476351428     
           1           8  0.954700792204932     
           5           9  0.971435397599705     
           5          10  0.971227091519830     
           6          11  0.823761954418195     
           6          12  0.812850431583535     
           6          13  0.903656235584988     
          14          15  0.829610739589055     
          14          16  0.877437328823349     
          17          18  0.868176437577090     
          17          19  0.842824160084560     
          20          21  0.869254654975622     
          20          22  0.834848004504540     
          23          24  0.849963021862530     
          23          25  0.868245704344468     
          26          27  0.872847382900524     
          26          28  0.872043327528557     
          29          30  0.851504523042593     
          29          31  0.863286015387431     
          32          33  0.846098228971490     
          32          34  0.852017646888148     
