   -0.22505365
   -0.05310836
   -0.08147126
   -0.12729467
    0.35983597
   -0.60372455
   -0.63587151
    0.32948148
    0.26284673
    0.09586348
    0.12919528
    0.02853135
    0.05525129
    0.10544961
    0.06135837
    0.29988333
   -0.71315735
    0.34493904
    0.34729572
   -0.65810447
    0.32959744
    0.31731282
   -0.70164441
    0.34464887
    0.34050994
   -0.65706188
    0.31635257
    0.36270437
   -0.63308599
    0.31530034
    0.34791678
   -0.68062374
    0.31808524
    0.35675562
   -0.70990185
    0.34360420
    0.33790475
   -0.68767788
    0.35440959
    0.33042744
   -0.67399967
    0.35981654
    0.31677797
   -0.68524523
    0.33269217
    0.33289741
   -0.68369447
    0.36524839
    0.34684469
   -0.71570673
    0.34932035
    0.34370168
   -0.71829749
    0.36914035
    0.35006405
   -0.67669277
    0.35445040
    0.33718307
   -0.69845589
    0.34331386
    0.32792060
   -0.69173995
    0.35320317
    0.31896633
   -0.71913828
    0.35257499
    0.34835937
   -0.68311954
    0.34846631
    0.32790046
   -0.68420710
    0.37213242
    0.37554193
   -0.66780097
    0.32972630
    0.34073764
   -0.68732917
    0.34609397
    0.34165093
   -0.67465764
    0.34100424
    0.33114365
   -0.68717564
    0.34270571
    0.34390829
   -0.69547852
    0.33933044
    0.34179961
   -0.68793540
    0.33878235
    0.34313782
   -0.68592281
    0.35899191
    0.35437396
   -0.71282775
    0.33949763
    0.36032072
   -0.70816312
    0.35386358
    0.32868123
   -0.70057924
    0.32807282
    0.36148088
   -0.64388217
    0.31088426
    0.35651981
   -0.70638721
    0.35963913
    0.33200028
   -0.63428276
    0.33637699
    0.33596923
   -0.68590597
    0.34714560
    0.34422453
   -0.68132272
    0.32592762
    0.33268761
   -0.63749456
    0.36202144
    0.34568731
   -0.68580114
    0.35887544
    0.33265134
   -0.68226137
    0.30508971
    0.35467061
   -0.70288951
    0.32609468
    0.34843321
   -0.67440642
    0.32365315
    0.33254874
   -0.63623722
    0.34451596
    0.36459129
   -0.66056296
    0.34427693
    0.38429461
   -0.69096821
    0.36307395
    0.33649956
   -0.73066642
    0.37245603
    0.32383560
   -0.67970784
    0.33602674
    0.35160816
   -0.71237696
    0.31189759
    0.37464048
   -0.69585196
    0.36984456
    0.31887271
   -0.66801803
    0.36567611
    0.34409937
   -0.65318681
    0.34376820
    0.31852709
   -0.67276492
    0.32804773
    0.34060098
   -0.68120572
    0.36282239
    0.37261819
   -0.71836418
    0.32617003
    0.37108912
   -0.67285206
    0.34141831
    0.37452278
   -0.69903476
    0.33406520
    0.34466287
   -0.69064698
    0.32769461
    0.36242309
   -0.66406980
    0.33663630
    0.33463007
   -0.68358109
    0.32690526
    0.33347682
   -0.69696313
    0.35173257
    0.32595988
   -0.69882556
    0.32395069
    0.34745662
   -0.65972415
    0.32642988
    0.35044000
   -0.68805056
    0.36883814
    0.34200464
   -0.68698970
    0.32079862
    0.38151913
   -0.68287123
    0.32647987
    0.31610083
   -0.69935700
    0.33975687
    0.34819556
   -0.69001945
    0.35366136
    0.33273734
   -0.70677902
    0.34357786
    0.35627178
   -0.68468528
    0.31965370
    0.36311439
   -0.68609640
    0.33071464
    0.34741554
   -0.68701475
    0.33128328
    0.36584787
   -0.70705621
    0.36124985
    0.32014669
   -0.70976033
    0.34088378
    0.33775306
   -0.71413482
    0.35282723
    0.33381752
   -0.66114453
    0.32591975
    0.35340165
   -0.70323910
    0.33693978
    0.38009759
   -0.70409096
    0.33572605
    0.34092644
   -0.69982889
    0.33397413
    0.35589137
   -0.65961259
    0.35034685
    0.31412612
   -0.71820642
    0.33107584
    0.37639024
   -0.65390353
    0.34389016
    0.33812721
   -0.69132354
    0.35143290
    0.33085829
   -0.70447434
    0.32437144
    0.37604402
