   -0.20148047
   -0.02474014
   -0.07222488
   -0.10313555
    0.36122768
   -0.66745023
   -0.62372396
    0.29047875
    0.29177983
    0.11703261
    0.08911068
    0.05965104
    0.04958961
    0.04275293
    0.01752229
    0.26833485
   -0.67976590
    0.34162000
    0.34339497
   -0.67284979
    0.34975237
    0.35350895
   -0.68851996
    0.34510620
    0.34475353
   -0.67026173
    0.35064691
    0.35073061
   -0.67978275
    0.33932186
    0.34900614
   -0.67116500
    0.35748444
    0.34781136
   -0.68918708
    0.34406230
    0.33960752
