           1           2  0.981555840835803     
           2           3   1.01245407271327     
           3           4   1.00214858351261     
           4           5  0.934926537899791     
           5           6   1.50932491237953     
           5           7   1.45197749338683     
           6           7  0.203021277855621     
           1           8  0.845175145248417     
           1           9  0.822615481246208     
           2          10  0.960093144364820     
           2          11  0.968507700875386     
           3          12  0.972709076222253     
           3          13  0.974263373348308     
           4          14  0.959428683973651     
           4          15  0.979221912304442     
           1          16  0.832253621261369     
          17          18  0.842935568146774     
          17          19  0.840773667941661     
          20          21  0.821301877053461     
          20          22  0.867360024375255     
          23          24  0.842132243010686     
          23          25  0.877958076039024     
          26          27  0.872943457567003     
          26          28  0.828441445887533     
          29          30  0.842120220264045     
          29          31  0.872024846667760     
          32          33  0.865292401032151     
          32          34  0.823281302898223     
          35          36  0.830933172308250     
          35          37  0.879132484447595     
