    0.08732284
   -0.02102414
    0.30054499
    0.10444179
   -0.18826459
    0.07844062
   -0.13046764
   -0.62059893
    0.36420155
    0.30802876
   -0.64018264
    0.29348689
    0.09715723
   -0.68500923
    0.33985121
    0.35816858
   -0.68959910
    0.34603491
    0.34269522
   -0.68128343
    0.32847105
    0.34109239
   -0.68630465
    0.32999811
    0.35040576
   -0.68987314
    0.33154122
    0.31756366
   -0.69761764
    0.36190417
    0.36074403
   -0.65270885
    0.32566239
    0.31517660
