           1           2  0.970840946014358     
           2           4  0.968152709228208     
           2           5  0.969491891632051     
           3           5  0.897374760371355     
           2           7   1.01408943547895     
           6           7  0.960357517877171     
           7           9  0.948987177628518     
           8           9   1.45142047802406     
           5          10  0.793675744227590     
           8          11  0.193835891855995     
           9          11   1.48693285858708     
           5          12  0.899948410354443     
           7          13  0.935130025516004     
          14          15  0.822602096695076     
          14          16  0.864476475793218     
          17          18  0.878103353804266     
          17          19  0.835989351088603     
          20          21  0.847200266256240     
          20          22  0.838600122789842     
          23          24  0.820747866977357     
          23          25  0.873236356148556     
          26          27  0.854084494276464     
          26          28  0.861259360329573     
          29          30  0.867381590328762     
          29          31  0.867926634258899     
          32          33  0.854480052346829     
          32          34  0.838552342465438     
