   -0.18009029
   -0.02608191
   -0.07098952
   -0.10649617
    0.36794708
   -0.64184183
   -0.63594470
    0.31226889
    0.28088510
    0.10878818
    0.08852508
    0.05449523
    0.06284851
    0.05869666
    0.02437432
    0.28103685
   -0.67456399
    0.35179205
    0.32271406
   -0.66363420
    0.33235754
    0.32599600
   -0.66191406
    0.31937050
    0.35391583
   -0.67057638
    0.31014466
    0.35392077
   -0.67979407
    0.34941378
    0.34040720
   -0.68312690
    0.32974238
    0.34025964
   -0.65779034
    0.33507322
    0.34787084
