           1           2  0.982795229799311     
           2           3   1.01147686402258     
           3           4  0.989778728387909     
           4           5  0.948651013169879     
           5           6   1.49288634516175     
           5           7   1.43111993704881     
           6           7  0.191126572340720     
           1           8  0.786814199810817     
           1           9  0.901557721326390     
           2          10  0.962497528702886     
           2          11  0.961112945471413     
           3          12  0.972504698318448     
           3          13  0.972133167229078     
           4          14  0.971265809192860     
           4          15  0.971765641050465     
           1          16  0.853315599402680     
          17          18  0.871795448339480     
          17          19  0.840069425072066     
          20          21  0.854683456059593     
          20          22  0.856934138064153     
          23          24  0.845611471717950     
          23          25  0.869287770704017     
          26          27  0.857837716011508     
          26          28  0.870925291460120     
          29          30  0.871683604232923     
          29          31  0.826196599894164     
          32          33  0.861744002358816     
          32          34  0.881729357663276     
           8          35  0.101762654660213     
          35          36  0.854264824528497     
          35          37  0.834035039507589     
