   -0.11563352
    0.36957393
   -0.62385112
   -0.63180085
   -0.02911269
   -0.17269976
    0.06615527
    0.07872192
    0.11337603
    0.10287251
    0.31236001
    0.29569355
    0.30875883
   -0.69263319
    0.32818466
    0.32052440
   -0.69813260
    0.35339041
    0.33125864
   -0.67778342
    0.36787951
    0.36030925
   -0.67984035
    0.30481432
    0.35423054
   -0.66374080
    0.31281790
    0.33033786
   -0.68278155
    0.35612774
    0.32301652
   -0.67916825
    0.34948044
    0.30729388
