           1           2  0.946423698871082     
           2           3   1.50218570906050     
           2           4   1.42751481495699     
           3           4  0.193332732497969     
           1           5   1.01567187828520     
           5           6  0.973810261343454     
           1           7  0.962928000627627     
           1           8  0.953471219370021     
           5           9  0.959234848743103     
           5          10  0.962630803153762     
           6          11  0.820542882990372     
           6          12  0.898495041202717     
           6          13  0.892363897832279     
          14          15  0.856143878639567     
          14          16  0.870959417507346     
          17          18  0.873279818695511     
          17          19  0.835439288046269     
          20          21  0.859776924011382     
          20          22  0.866202713700285     
          23          24  0.872422299629744     
          23          25  0.872813920031550     
          26          27  0.848847561304332     
          26          28  0.856950276527005     
          29          30  0.866968478354178     
          29          31  0.833397119849689     
          32          33  0.875372819414019     
          32          34  0.869023408157524     
