    0.11900935
   -0.05255605
    0.31883634
    0.12040728
   -0.18459558
    0.09129238
   -0.14069297
   -0.57574376
    0.36080202
    0.28645557
   -0.65683290
    0.29778250
    0.11122516
   -0.66826385
    0.35100229
    0.35579077
   -0.67662834
    0.34278568
    0.33094614
   -0.64833566
    0.34567551
    0.32724571
   -0.70341877
    0.34919158
    0.34436806
   -0.64688122
    0.32122603
    0.34192315
   -0.66337388
    0.32755434
    0.34606122
   -0.71091429
    0.35985640
    0.33921466
   -0.71945176
    0.33486197
    0.34962832
   -0.64241969
    0.32306127
    0.34027556
   -0.65769694
    0.34581513
    0.34021305
   -0.67562481
    0.33409890
    0.34041502
   -0.67836259
    0.34630217
    0.33655918
   -0.69154494
    0.33226006
    0.33681179
   -0.68099610
    0.35325212
    0.32648779
   -0.71276886
    0.37069776
    0.32522894
   -0.66042008
    0.31514382
    0.32621223
   -0.71108703
    0.33963743
    0.33173422
   -0.67490305
    0.33191284
    0.34370706
   -0.66071632
    0.31914455
    0.34678765
   -0.68810144
    0.33475708
    0.34102962
   -0.69225771
    0.34963271
    0.33942667
   -0.69263600
    0.32676864
    0.34560412
   -0.63985436
    0.35456153
    0.35327833
   -0.69380413
    0.34315923
    0.34213790
   -0.72283340
    0.34769700
    0.34965561
   -0.66682682
    0.32351154
    0.34492048
   -0.66210246
    0.34767785
    0.32760538
   -0.67183648
    0.32911456
    0.37374403
   -0.69807838
    0.32982979
    0.35562064
   -0.69059959
    0.34762248
    0.34997335
   -0.68667397
    0.34025387
    0.32772578
   -0.71144219
    0.36877797
    0.33651099
   -0.68864424
    0.34176606
    0.33543178
   -0.69745111
    0.34043037
    0.34889502
   -0.68899103
    0.34069833
    0.34664331
   -0.71366049
    0.34791097
    0.34178707
   -0.67378711
    0.34596917
    0.34937388
   -0.68564057
    0.34259811
    0.34394546
   -0.65337474
    0.32114022
    0.32490191
   -0.68303870
    0.33219316
    0.34114031
   -0.71234658
    0.35347251
    0.34209338
   -0.68545169
    0.34337064
    0.34026592
   -0.67801220
    0.34170503
    0.36111920
   -0.69484491
    0.33666059
    0.35003370
   -0.69937519
    0.33183417
    0.36224040
   -0.70188313
    0.35271417
    0.33856087
   -0.71931054
    0.33561090
    0.34939789
   -0.68508186
    0.32232781
    0.34544308
   -0.69502138
    0.36573304
    0.34932004
   -0.70325962
    0.36319800
    0.33102687
