           1           2  0.946610986031389     
           2           4  0.958120674665039     
           2           5  0.982695428623659     
           3           5  0.825530945413563     
           2           7   1.01059875197551     
           6           7  0.948562666516879     
           7           9  0.979562446050028     
           8           9   1.49641597625155     
           5          10  0.870357855824941     
           8          11  0.174850941169041     
           9          11   1.36551458028802     
           5          12  0.846698468305140     
           7          13  0.923932310475340     
          14          15  0.801838238316988     
          14          16  0.817711500009211     
          17          18  0.824457973961353     
          17          19  0.829107495851152     
          20          21  0.844003616493184     
          20          22  0.837896232121714     
          23          24  0.852468371918641     
          23          25  0.831918704472548     
          26          27  0.856644713495901     
          26          28  0.804846543356710     
          29          30  0.848805312862419     
          29          31  0.827440678343559     
          32          33  0.799766241878652     
          32          34  0.844630773398533     
          35          36  0.834818910928901     
          35          37  0.814596987722015     
          38          39  0.857589092819035     
          38          40  0.827429803127758     
          41          42  0.876951367259465     
          41          43  0.859220601983762     
          44          45  0.856967775030943     
          44          46  0.842849485013426     
          47          48  0.837243673348286     
          47          49  0.882322576026571     
          50          51  0.853446630382353     
          50          52  0.844112608687907     
          53          54  0.796624096606238     
          53          55  0.877971077241158     
          56          57  0.788079020904812     
          56          58  0.838397969437866     
          59          60  0.857707655801107     
          59          61  0.842539547541190     
          62          63  0.813999381189004     
          62          64  0.837489510682636     
          65          66  0.860036187104696     
          65          67  0.821403212840268     
          68          69  0.855540228962950     
          68          70  0.839132067769734     
          71          72  0.852131994757720     
          71          73  0.843307005200988     
          74          75  0.791648523749844     
          74          76  0.878245232192426     
          77          78  0.868839214786879     
          77          79  0.831543354490487     
          80          81  0.845071584336696     
          80          82  0.839690896244558     
          83          84  0.813275198343723     
          83          85  0.800909772830850     
          86          87  0.817074977659426     
          86          88  0.826040398196822     
          89          90  0.870828939819029     
          89          91  0.824606764913722     
          92          93  0.808979435172146     
          92          94  0.848526043165782     
          95          96  0.850684798606524     
          95          97  0.815410191964871     
          98          99  0.846665039970201     
          98         100  0.797284460386302     
         101         102  0.830353033815421     
         101         103  0.820869879743343     
         104         105  0.846734435050593     
         104         106  0.857588678356392     
         107         108  0.763157869268436     
         107         109  0.878764813797824     
         110         111  0.813964380393712     
         110         112  0.842564898719615     
         113         114  0.835420929989312     
         113         115  0.874539651641584     
         116         117  0.845835410639732     
         116         118  0.876448298227056     
         119         120  0.829036795782377     
         119         121  0.842926193649680     
         122         123  0.836307430135116     
         122         124  0.872624139703302     
         125         126  0.854558645130670     
         125         127  0.853882389936643     
         128         129  0.850550616527618     
         128         130  0.845413482165812     
         131         132  0.830633468140166     
         131         133  0.814240805504588     
         134         135  0.819457707564780     
         134         136  0.828689819925491     
         137         138  0.848036143314836     
         137         139  0.828213096961413     
         140         141  0.869321702231448     
         140         142  0.798392616416732     
         143         144  0.880563361938496     
         143         145  0.780509232523505     
         146         147  0.882433077564686     
         146         148  0.783970081763378     
         149         150  0.843221103983330     
         149         151  0.853598650763695     
         152         153  0.837137566585616     
         152         154  0.826151279149783     
         155         156  0.846547763575199     
         155         157  0.817648013637878     
         158         159  0.833147229595524     
         158         160  0.819922740503890     
         161         162  0.810081859150158     
         161         163  0.844644938500980     
