   -0.19092291
   -0.02321223
   -0.07094575
   -0.10290855
    0.36515199
   -0.62662360
   -0.61448556
    0.29467610
    0.28735066
    0.09552042
    0.08714355
    0.06103471
    0.05903970
    0.05248684
    0.02885614
    0.27354335
   -0.67382350
    0.34047836
    0.36082783
   -0.65822937
    0.32470335
    0.32036157
   -0.68862316
    0.35132816
    0.31652680
   -0.67383428
    0.33272447
    0.36020656
    0.32291727
    0.35479944
   -0.67364707
    0.33247851
    0.36004047
   -0.68494027
