           1           2  0.986345524523713     
           2           3   1.01195220426634     
           3           4  0.992373466405913     
           4           5  0.951909298960883     
           5           6   1.51519819032121     
           5           7   1.40910979724381     
           6           7  0.191440185144930     
           1           8  0.821400919876755     
           1           9  0.836056397698147     
           2          10  0.968822576482386     
           2          11  0.968835037963825     
           3          12  0.972166485332303     
           3          13  0.973435929658900     
           4          14  0.962527112747109     
           4          15  0.980931115074181     
           1          16  0.845414161246091     
          17          18  0.837417384802209     
          17          19  0.865751489413101     
          20          21  0.866890058928493     
          20          22  0.852562031187148     
          23          24  0.873019898093924     
          23          25  0.848296573897056     
          26          27  0.843108362896516     
          26          28  0.866946634498440     
          29          31  0.861551234828333     
          30          31  0.870082290456384     
          32          34  0.852190044598051     
          33          34  0.866786630096013     
