   -0.19670359
   -0.02357097
   -0.07602127
   -0.10900601
    0.36427645
   -0.65584337
   -0.61304929
    0.28306370
    0.30054532
    0.10834640
    0.07954636
    0.06413219
    0.06344870
    0.04690893
    0.05175356
    0.28740822
   -0.70742214
    0.35556966
    0.35185481
   -0.69107383
    0.36678061
    0.36451242
   -0.68684337
    0.35179454
    0.31977043
   -0.66598310
    0.34489481
    0.34863461
   -0.67958972
    0.31677503
    0.30618687
   -0.71982737
    0.36056157
    0.35926578
   -0.68822079
    0.35714352
    0.35998035
