           1           2  0.975844236797090     
           2           3   1.01150569576504     
           3           4   1.00860481889852     
           4           5  0.946573282524922     
           5           6   1.48046850621073     
           5           7   1.45569976146787     
           6           7  0.192129914013956     
           1           8  0.906898144305602     
           1           9  0.826369055441340     
           2          10  0.964245518801792     
           2          11  0.971719175310310     
           3          12  0.972050058397895     
           3          13  0.971282081317309     
           4          14  0.957440156941297     
           4          15  0.959861927820843     
           1          16  0.806108266328861     
          17          18  0.873493536608582     
          17          19  0.876118575278805     
          20          21  0.862825653334680     
          20          22  0.864017838694263     
          23          24  0.875548505918848     
          23          25  0.870382369039357     
          26          27  0.842743962564752     
          26          28  0.874669741639368     
          29          30  0.869875163493016     
          29          31  0.857255999581585     
          32          33  0.869827554788104     
          32          34  0.870763852483854     
          35          36  0.868979639431320     
          35          37  0.868247103997529     
