   -0.12035694
    0.36688377
   -0.64145702
   -0.63110300
   -0.01955075
   -0.19061995
    0.08232808
    0.05617773
    0.07778347
    0.11176243
    0.27535321
    0.30162369
    0.30931588
   -0.67890973
    0.33389795
    0.34730608
   -0.68767899
    0.34521451
    0.31962534
   -0.67026705
    0.33597662
    0.35991409
   -0.66663005
    0.36373693
    0.34111114
   -0.68091809
    0.33160745
    0.34807647
   -0.69648434
    0.34658596
    0.30949804
   -0.64844443
    0.33068665
    0.33795487
