           1           2  0.943795273485317     
           2           3   1.49125593959659     
           2           4   1.44475850411477     
           3           4  0.195395726477662     
           1           5   1.01091851076308     
           5           6  0.983899722697882     
           1           7  0.947523678229182     
           1           8  0.971897787086218     
           5           9  0.972590536301898     
           5          10  0.955348650945822     
           6          11  0.910426886041815     
           6          12  0.813824916510293     
           6          13  0.806751537680014     
          14          15  0.840078991206525     
          14          16  0.875851753628243     
          17          18  0.879469805086328     
          17          19  0.860016778673303     
          20          21  0.835553791406240     
          20          22  0.866041259014538     
          23          24  0.864412787636875     
          23          25  0.844486479493232     
          26          27  0.846843140501182     
          26          28  0.874327349340098     
          29          30  0.879127336299188     
          29          31  0.848623034725533     
          32          33  0.827935001199400     
          32          34  0.876263453620870     
