    0.07813203
   -0.01776930
    0.29223356
    0.10440416
   -0.18635738
    0.06111565
   -0.12116244
   -0.62003757
    0.36621124
    0.26806332
   -0.66429432
    0.30158170
    0.09214427
   -0.68592275
    0.34782330
    0.31586491
   -0.67457387
    0.35278160
    0.32765094
   -0.65345404
    0.32702287
    0.34546880
   -0.68466092
    0.36751841
    0.36056969
   -0.68052662
    0.32524844
    0.35462925
   -0.72576296
    0.36308703
    0.36267594
   -0.65807872
    0.34522469
    0.31314910
