           1           2  0.972623898547962     
           2           4  0.967400367285960     
           2           5  0.981637304053435     
           3           5  0.844333188746058     
           2           7   1.01328405282365     
           6           7  0.957202689316829     
           7           9  0.944554834158808     
           8           9   1.51729824150681     
           5          10  0.884208617862891     
           8          11  0.194322275284551     
           9          11   1.41987251454824     
           5          12  0.802068016662842     
           7          13  0.952046759215678     
          14          15  0.873100876692983     
          14          16  0.829245968781965     
          17          18  0.872371339360912     
          17          19  0.851725616023726     
          20          21  0.861595452300317     
          20          22  0.833227807464567     
          23          24  0.862113817823523     
          23          25  0.866790376298335     
          26          27  0.852525670027232     
          26          28  0.869365711975186     
          29          30  0.867962541578074     
          29          31  0.868260938304428     
          32          33  0.875823604066154     
          32          34  0.872100352015728     
