   -0.18762040
   -0.03252457
   -0.06821614
   -0.11007399
    0.36097825
   -0.64852542
   -0.68138871
    0.30265228
    0.26978048
    0.08701895
    0.12231704
    0.05499022
    0.03562914
    0.04772591
    0.06490434
    0.31436607
   -0.66304780
    0.35499860
    0.34152852
   -0.66548237
    0.34369833
    0.35475423
   -0.67377055
    0.36054567
    0.34446643
   -0.68625349
    0.34489843
    0.30497060
   -0.66057474
    0.33436159
    0.31118520
   -0.67756340
    0.34810443
    0.35585986
   -0.69271758
    0.34344052
    0.34458408
