           1           2  0.982748033359380     
           2           3   1.00941166098864     
           3           4   1.00743642328309     
           4           5  0.944218798528076     
           5           6   1.51915787906899     
           5           7   1.42540321057591     
           6           7  0.199254362860603     
           1           8  0.816986503525150     
           1           9  0.912384273432149     
           2          10  0.970085144227896     
           2          11  0.956844825051969     
           3          12  0.974958362488340     
           3          13  0.975733630186413     
           4          14  0.960432295094882     
           4          15  0.955352118424493     
           1          16  0.810283570375222     
          17          18  0.868338335357461     
          17          19  0.835777373012198     
          20          21  0.843594094748744     
          20          22  0.869994591533538     
          23          24  0.866640922715247     
          23          25  0.840510700588717     
          26          27  0.877799804100302     
          26          28  0.837197430493662     
          29          30  0.845415946900727     
          29          31  0.873124978952382     
          32          33  0.823878905338908     
          32          34  0.867648180808808     
          35          36  0.876359220838715     
          35          37  0.830613932008721     
