    0.07749469
   -0.02263743
    0.29705307
    0.11370817
   -0.17784611
    0.06607704
   -0.12261760
   -0.61361483
    0.36567036
    0.28173912
   -0.66478623
    0.28954776
    0.09545982
   -0.67912467
    0.30933335
    0.35714923
   -0.68245551
    0.31468343
    0.34623309
   -0.66678300
    0.36842908
    0.36627447
   -0.68336693
    0.36045452
    0.36595863
   -0.68726192
    0.32041380
    0.33846610
   -0.67212486
    0.33465124
    0.32328547
   -0.67406271
    0.32229072
    0.33230866
