           1           2  0.972360221964098     
           2           4  0.960778021601294     
           2           5  0.978708442319068     
           3           5  0.841822681647488     
           2           7   1.01377033284849     
           6           7  0.957896002278359     
           7           9  0.953713933710199     
           8           9   1.50925235085133     
           5          10  0.863636420170425     
           8          11  0.189370790939473     
           9          11   1.41486825377493     
           5          12  0.847036227894985     
           7          13  0.940652791389470     
          14          15  0.857544934774233     
          14          16  0.867254140690177     
          17          18  0.840126813719526     
          17          19  0.877165291343382     
          20          21  0.860780059000981     
          20          22  0.863593524977240     
          23          24  0.866635320891164     
          23          25  0.862885860911045     
          26          27  0.852099397150312     
          26          28  0.884163927117448     
          29          30  0.848477427185174     
          29          31  0.865103192009126     
          32          33  0.861009445082162     
          32          34  0.845593034310055     
