    0.07776373
   -0.01425474
    0.30034802
    0.10831442
   -0.18856091
    0.04666299
   -0.11674253
   -0.63542341
    0.36333285
    0.27932056
   -0.66241568
    0.29238634
    0.05914425
   -0.66683929
    0.34032665
    0.34949085
   -0.68813610
    0.34307081
    0.35659170
   -0.67560136
    0.34145454
    0.32982183
   -0.70479049
    0.35401750
    0.32918473
   -0.68297490
    0.36556517
    0.36477372
   -0.67386917
    0.33429231
    0.35213886
   -0.69383927
    0.35341597
    0.36203003
