           1           2  0.972747247650312     
           2           4  0.963953925252632     
           2           5  0.982627010698528     
           3           5  0.833156654985499     
           2           7   1.01203223953998     
           6           7  0.973324784357108     
           7           9  0.930323841230180     
           8           9   1.45873365788411     
           5          10  0.846239350011662     
           8          11  0.206850984171759     
           9          11   1.51136092873182     
           5          12  0.848880090945717     
           7          13  0.958082746989589     
          14          15  0.844858547183416     
          14          16  0.875606262210555     
          17          18  0.835939290824836     
          17          19  0.870877945293181     
          20          21  0.822455151215020     
          20          22  0.885545026937872     
          23          24  0.874536707574325     
          23          25  0.861087004435417     
          26          27  0.861231622414025     
          26          28  0.864301924167727     
          29          30  0.855308259802272     
          29          31  0.871716953491492     
          32          33  0.873033832577762     
          32          34  0.866832223928469     
