   -0.18801174
   -0.02399975
   -0.07316594
   -0.10368262
    0.36151644
   -0.65594375
   -0.61672301
    0.29628111
    0.29186739
    0.10286043
    0.08402779
    0.05595062
    0.05667083
    0.04446286
    0.01930729
    0.28328667
   -0.66806214
    0.32696491
    0.34891498
   -0.67675165
    0.34636092
    0.34850517
   -0.68702308
    0.34958819
    0.33506348
   -0.66511896
    0.35109647
    0.35331086
   -0.68742411
    0.34862201
    0.34733446
   -0.69126549
    0.34265269
    0.34374708
   -0.67737282
    0.33909518
    0.33705722
