           1           2  0.987496644540810     
           2           3   1.01127249772453     
           3           4   1.00105053927325     
           4           5  0.936252326244047     
           5           6   1.52695087301880     
           5           7   1.42888701622277     
           6           7  0.201111043513713     
           1           8  0.841085553799800     
           1           9  0.854041003656859     
           2          10  0.967033252520697     
           2          11  0.969508110303965     
           3          12  0.973181662639446     
           3          13  0.973373552327770     
           4          14  0.959349004248577     
           4          15  0.979738848858634     
           1          16  0.814227381442610     
          17          18  0.868965394564562     
          17          19  0.841476836636585     
          20          21  0.872722773735155     
          20          22  0.815485258662199     
          23          24  0.795747877369705     
          23          25  0.877534152092985     
          26          27  0.824582652548026     
          26          28  0.868486242366587     
          29          30  0.834744319832339     
          29          31  0.876106407891933     
          32          33  0.842424723724895     
          32          34  0.830172175105003     
          35          36  0.882712484255989     
          35          37  0.831456113661828     
