   -0.11669493
    0.36294880
   -0.67446975
   -0.65882692
   -0.01901468
   -0.18455145
    0.04877300
    0.05146531
    0.09865462
    0.08053883
    0.31101572
    0.27397697
    0.30940445
   -0.63250842
    0.32876497
    0.34961338
   -0.68299826
    0.33653625
    0.33639205
   -0.66658743
    0.35612182
    0.35708094
   -0.70988219
    0.33325843
    0.34722112
   -0.67790159
    0.35329482
    0.35188404
   -0.69437981
    0.36414595
    0.35276855
   -0.68996109
    0.35139026
    0.35252623
