           1           2  0.917106841382445     
           2           3   1.48771303647660     
           2           4   1.49546261091994     
           3           4  0.211551684826866     
           1           5   1.01492223668408     
           5           6  0.984676181425473     
           1           7  0.960066428497207     
           1           8  0.975786614837436     
           5           9  0.965297416822379     
           5          10  0.967381949392981     
           6          11  0.805822639313812     
           6          12  0.909924586492924     
           6          13  0.820732068277892     
          14          15  0.852598769145450     
          14          16  0.839356773934189     
          17          18  0.834823798231920     
          17          19  0.880007068509913     
          20          21  0.865055249743723     
          20          22  0.809058163403574     
          23          24  0.848332665495717     
          23          25  0.879178390948426     
          26          27  0.873070464490835     
          26          28  0.820860065300335     
          29          30  0.864839197906494     
          29          31  0.872215986855179     
          32          33  0.832412135218306     
          32          34  0.871206757099135     
