    0.10814552
   -0.02346296
    0.31165572
    0.09357456
   -0.18091169
    0.04806340
   -0.11555042
   -0.62524864
    0.36413158
    0.29453025
   -0.64324018
    0.27712798
    0.05567223
   -0.67999437
    0.33470525
    0.32947721
   -0.65682431
    0.32421549
    0.33796756
   -0.66887080
    0.35979261
    0.34922312
   -0.68261449
    0.33244192
    0.34523822
   -0.68619914
    0.33930711
    0.35387175
   -0.69540826
    0.32277245
    0.33662274
   -0.68712506
    0.36562691
    0.36128677
