           1           2  0.959319828722754     
           2           4  0.969265156246261     
           2           5  0.980886959051105     
           3           5  0.810082820270999     
           2           7   1.01213595234226     
           6           7  0.970761627868951     
           7           9  0.934024699302628     
           8           9   1.41602075252255     
           5          10  0.834470472144041     
           8          11  0.198803568763676     
           9          11   1.54079837749856     
           5          12  0.909008757357204     
           7          13  0.957949861001054     
          14          15  0.834406580137439     
          14          16  0.859397089371913     
          17          18  0.848550687470367     
          17          19  0.838249566714823     
          20          21  0.863023929173282     
          20          22  0.820215016722720     
          23          24  0.849532178048495     
          23          25  0.876556721652928     
          26          27  0.852272701698881     
          26          28  0.871969535867014     
          29          30  0.869744880355615     
          29          31  0.857897205751521     
          32          33  0.863389360905174     
          32          34  0.866263363420865     
