   -0.18305756
   -0.02215477
   -0.07096178
   -0.11001294
    0.36364366
   -0.64477563
   -0.60589491
    0.29220903
    0.29933217
    0.09644455
    0.07952341
    0.04453187
    0.06581289
    0.07747172
    0.02822085
    0.29215657
   -0.71005829
    0.34459830
    0.33410884
   -0.72029570
    0.36446140
    0.35583432
   -0.66499152
    0.36434498
    0.34448839
   -0.66629783
    0.34699016
    0.33241660
   -0.68652043
    0.30844450
    0.34979604
   -0.65761221
    0.32520836
    0.32125438
   -0.68295694
    0.35395532
    0.34034223
