           1           2  0.986403472215304     
           2           3   1.00627311247889     
           3           4  0.996682902661345     
           4           5  0.951892074589183     
           5           6   1.49622347212964     
           5           7   1.43005885487973     
           6           7  0.192415988241565     
           1           8  0.876337834083742     
           1           9  0.833960698754484     
           2          10  0.969464594198191     
           2          11  0.973167543519198     
           3          12  0.976976653979339     
           3          13  0.975423583896188     
           4          14  0.951057806246087     
           4          15  0.979259315528985     
           1          16  0.819208534536122     
          17          18  0.881011034184567     
          17          19  0.844883570530364     
          20          21  0.867013060817240     
          20          22  0.873227776580663     
          23          24  0.861953925690765     
          23          25  0.879587529348766     
          26          27  0.839326436598790     
          26          28  0.846989421542135     
          29          30  0.856225352629209     
          29          31  0.875881473821678     
          32          33  0.843270820257845     
          32          34  0.882578332205837     
          35          36  0.869359056674664     
          35          37  0.833904987896105     
