   -0.17821935
   -0.02167528
   -0.07197578
   -0.10322143
    0.36614464
   -0.64156650
   -0.62402844
    0.31120584
    0.28503543
    0.10520259
    0.08386314
    0.04986055
    0.07468248
    0.04830070
    0.02641947
    0.27048802
   -0.65484337
    0.33756322
    0.34403993
   -0.68218930
    0.35088401
    0.32385093
   -0.67268876
    0.35214691
    0.32921073
   -0.68237385
    0.34709063
    0.31936404
   -0.67421916
    0.35011358
    0.32692836
   -0.68280256
    0.34756253
    0.35565834
   -0.66599669
    0.31660203
    0.33358239
