   -0.18726710
   -0.02356587
   -0.06896193
   -0.10517430
    0.36252991
   -0.66038105
   -0.63588492
    0.30339319
    0.28352838
    0.11623523
    0.06652501
    0.03998621
    0.06513183
    0.04810502
    0.01885574
    0.27375195
   -0.65208141
    0.35989333
    0.35169290
   -0.69168965
    0.35096864
    0.34575551
   -0.67995302
    0.33610652
    0.34005248
   -0.69507242
    0.36005813
    0.35946671
   -0.66005536
    0.32909294
    0.35000892
   -0.68359722
    0.34302407
    0.33631004
   -0.69066027
    0.35492858
    0.33894327
