           1           2  0.985170241343825     
           2           3   1.00805354971939     
           3           4  0.994561059340942     
           4           5  0.932208234291591     
           5           6   1.51783311848098     
           5           7   1.44985739248058     
           6           7  0.206883684051656     
           1           8  0.806925330896483     
           1           9  0.863123479821539     
           2          10  0.958232322413633     
           2          11  0.974719508815916     
           3          12  0.976888209243532     
           3          13  0.973961927498090     
           4          14  0.972771142935381     
           4          15  0.979674362273402     
           1          16  0.845190339849989     
          17          18  0.866649089651570     
          17          19  0.873316479599649     
          20          21  0.873692088804688     
          20          22  0.834684739890917     
          23          24  0.843009601359987     
          23          25  0.844289785825942     
          26          27  0.868462873122746     
          26          28  0.868116987363116     
          29          30  0.849239268422255     
          29          31  0.800728175447303     
          32          33  0.877835069589385     
          32          34  0.834555049199493     
          35          36  0.871947972465000     
          35          37  0.844997994039441     
