   -0.17802140
   -0.02376761
   -0.07498665
   -0.09963003
    0.36074921
   -0.64757282
   -0.67304837
    0.28053645
    0.30173722
    0.09059244
    0.08520198
    0.05233527
    0.07440569
    0.03316116
    0.03009741
    0.30984425
   -0.68576076
    0.31947295
    0.34799845
   -0.68133820
    0.36494249
    0.36165389
   -0.66571606
    0.36451187
    0.33212686
   -0.70912631
    0.33265385
    0.35744780
   -0.66569792
    0.34654160
    0.31876723
   -0.70222312
    0.35894897
    0.36229885
   -0.69963161
    0.36284735
    0.35764761
