           1           2  0.980380483671851     
           2           3   1.01106798867980     
           3           4   1.00863874286521     
           4           5  0.932495505376588     
           5           6   1.45805431064026     
           5           7   1.49849054197531     
           6           7  0.203543759378514     
           1           8  0.904334072940150     
           1           9  0.837222086807815     
           2          10  0.970429567155058     
           2          11  0.965912368357390     
           3          12  0.971480495585714     
           3          13  0.969734083157549     
           4          14  0.968409079697065     
           4          15  0.964046271346484     
           1          16  0.818419889519413     
          17          18  0.868337220414898     
          17          19  0.878218789575455     
          20          21  0.863353074471591     
          20          22  0.865377182991693     
          23          24  0.863609533349748     
          23          25  0.851903273520584     
          26          27  0.862147395193174     
          26          28  0.872117076797514     
          29          30  0.875498042848158     
          29          31  0.853567492927129     
          32          33  0.868723846865835     
          32          34  0.866627843244371     
          35          36  0.866510543868292     
          35          37  0.870192565056637     
