           1           2  0.972298644220789     
           2           4  0.968635633970405     
           2           5  0.983937403304718     
           3           5  0.840327697184003     
           2           7   1.01127780988181     
           6           7  0.972902633401369     
           7           9  0.933857861982318     
           8           9   1.47350687589596     
           5          10  0.834772466348604     
           8          11  0.201083543709084     
           9          11   1.48444377074697     
           5          12  0.853054081598001     
           7          13  0.957121300090511     
          14          15  0.872033877259611     
          14          16  0.873982340312892     
          17          18  0.865400713640815     
          17          19  0.873675395773093     
          20          21  0.864813382174371     
          20          22  0.871263792825505     
          23          24  0.865846821133188     
          23          25  0.860712298432960     
