    0.07606250
   -0.01856757
    0.28988274
    0.10245847
   -0.19072284
    0.06914916
   -0.12483051
   -0.61802935
    0.36622691
    0.29274599
   -0.64820290
    0.30725314
    0.09748795
   -0.67310621
    0.32192854
    0.35151241
   -0.67594487
    0.32067005
    0.35387135
   -0.68285079
    0.35270498
    0.32789219
   -0.67543451
    0.33453674
    0.32612453
   -0.69405449
    0.34829535
    0.34229131
   -0.67824286
    0.32662203
    0.33442874
   -0.66864988
    0.34454187
    0.36194983
