           1           2  0.972913187011684     
           2           4  0.968188027768103     
           2           5  0.977407628425944     
           3           5  0.903303313015359     
           2           7   1.01288923980803     
           6           7  0.963807976418086     
           7           9  0.945492603503708     
           8           9   1.48212498198367     
           5          10  0.834099425790399     
           8          11  0.195978329658555     
           9          11   1.46257748369574     
           5          12  0.816734521155464     
           7          13  0.943694449306713     
          14          15  0.857047375834009     
          14          16  0.873866836756419     
          17          18  0.817102299279670     
          17          19  0.868976606446858     
          20          21  0.873172205774458     
          20          22  0.848503442138510     
          23          24  0.832454235277411     
          23          25  0.850868879180466     
          26          27  0.874900744728923     
          26          28  0.836432191062326     
          29          30  0.852511383504269     
          29          31  0.847135069963841     
          32          33  0.808166295778633     
          32          34  0.860326718450840     
