   -0.18574317
   -0.02226240
   -0.06810385
   -0.10687238
    0.36406109
   -0.65809200
   -0.65101159
    0.31333732
    0.27472242
    0.09519995
    0.07775651
    0.04260922
    0.06254683
    0.05602281
    0.02274670
    0.29721107
   -0.68064800
    0.33947337
    0.34573265
   -0.67829518
    0.35110925
    0.32946045
   -0.69692705
    0.34470165
    0.34774739
   -0.70458301
    0.36119694
    0.35938489
   -0.67621276
    0.35172795
    0.34113290
   -0.64846572
    0.31751723
    0.34293778
   -0.66006089
    0.35207008
    0.34687153
