           1           2  0.989306091564810     
           2           3   1.00966847817524     
           3           4  0.997691312007836     
           4           5  0.932534682006577     
           5           6   1.51589904138916     
           5           7   1.44801306283541     
           6           7  0.206606646616004     
           1           8  0.799261588859497     
           1           9  0.908045431735423     
           2          10  0.968605770495436     
           2          11  0.970980850279538     
           3          12  0.973570491249265     
           3          13  0.971689072761647     
           4          14  0.974485208219039     
           4          15  0.971366283980035     
           1          16  0.811954601048210     
          17          18  0.862273143937906     
          17          19  0.876049063863952     
          20          21  0.839398143363738     
          20          22  0.865868938752647     
          23          24  0.820089270735838     
          23          25  0.875160036444076     
          26          27  0.866649971311979     
          26          28  0.868040824309374     
          29          30  0.871869615019686     
          29          31  0.824391380612026     
          32          33  0.831192116899116     
          32          34  0.851730154626393     
          35          36  0.844580865056198     
          35          37  0.825843973487667     
