   -0.17437432
   -0.02263436
   -0.07610414
   -0.10203557
    0.36248570
   -0.62371997
   -0.65657496
    0.29560306
    0.28363361
    0.08726155
    0.08852829
    0.06478800
    0.06073251
    0.04600160
    0.03610551
    0.31013442
   -0.69530072
    0.34267742
    0.35432211
   -0.67734586
    0.35572683
    0.35001817
   -0.69019727
    0.36727095
    0.35569741
   -0.65157190
    0.33574144
    0.35380486
   -0.69715134
    0.30716738
    0.34646925
   -0.69193281
    0.33019867
    0.31719835
   -0.68671304
    0.35036984
    0.34371935
