           1           2  0.986906968614508     
           2           3   1.00960430089693     
           3           4   1.00656442377348     
           4           5  0.942669257979902     
           5           6   1.48589024449503     
           5           7   1.46252015077057     
           6           7  0.200259053539226     
           1           8  0.840194075442297     
           1           9  0.904198245958525     
           2          10  0.968847408197821     
           2          11  0.967799356348029     
           3          12  0.970119232337686     
           3          13  0.973843243496862     
           4          14  0.970191897831069     
           4          15  0.957994628102376     
           1          16  0.805948559036402     
          17          18  0.882281511192914     
          17          19  0.874058451416192     
          20          21  0.869641940001253     
          20          22  0.826894313652256     
          23          24  0.862540202983303     
          23          25  0.871087086619527     
          26          27  0.838632511133208     
          26          28  0.868861601099527     
          29          30  0.845873634497082     
          29          31  0.879266885413731     
          32          33  0.890342674064632     
          32          34  0.839802198039525     
          35          36  0.873802500081671     
          35          37  0.840824341374281     
