   -0.11827596
    0.36418520
   -0.63630132
   -0.64186187
   -0.01591526
   -0.19792288
    0.07860437
    0.04344992
    0.07536272
    0.09839646
    0.27533371
    0.31264573
    0.30604522
   -0.68023477
    0.34759095
    0.32922495
   -0.66295873
    0.35239488
    0.33127588
   -0.68018858
    0.35996389
    0.36757038
   -0.66088989
    0.31878093
    0.34446528
   -0.65843302
    0.35950905
    0.34746259
   -0.68876177
    0.32992977
    0.31694322
   -0.69613675
    0.34480723
    0.33393848
