           1           2  0.936071631072060     
           2           3   1.53732572953793     
           2           4   1.41959340342563     
           3           4  0.202986712226963     
           1           5   1.00543458313093     
           5           6  0.989154882237264     
           1           7  0.955070353748077     
           1           8  0.980510451833972     
           5           9  0.972985243054700     
           5          10  0.961722815710561     
           6          11  0.910622129751081     
           6          12  0.771792650417737     
           6          13  0.821826315278997     
          14          15  0.847172254773389     
          14          16  0.859589202730692     
          12          17  0.116579603453702     
          17          18  0.813960507231421     
          17          19  0.852107575324341     
          20          21  0.866844972126422     
          20          22  0.860843037510994     
          23          24  0.833705280962297     
          23          25  0.876253867255121     
          26          27  0.863332549430537     
          26          28  0.839979865689559     
          29          30  0.890004146169908     
          29          31  0.844399107895980     
          32          33  0.826125501420509     
          32          34  0.855561983857061     
