   -0.19291554
   -0.02401306
   -0.07345713
   -0.10150166
    0.36458509
   -0.62974148
   -0.62255252
    0.30206903
    0.29216097
    0.08886984
    0.07548142
    0.05438239
    0.07345161
    0.04720333
    0.03281097
    0.29667862
   -0.69376422
    0.32010931
    0.35300892
   -0.65172673
    0.31508831
    0.34182801
   -0.67588984
    0.33530200
    0.32591352
   -0.67383995
    0.34954567
    0.35092593
   -0.69120849
    0.33499554
    0.35147884
   -0.66536226
    0.33601705
    0.32244009
   -0.68839367
    0.34922491
    0.30645555
   -0.67461125
    0.35507628
    0.34490023
   -0.68884810
    0.34508756
    0.34776626
   -0.68855761
    0.35197582
    0.34316823
   -0.69583898
    0.34070529
    0.34527968
   -0.68264710
    0.34421132
    0.34387139
   -0.67097710
    0.32934172
    0.32306696
   -0.69257819
    0.35400519
    0.32490388
   -0.66996515
    0.35557554
    0.34932864
   -0.67454271
    0.35148937
    0.35315243
