           1           2  0.995310276189920     
           2           3   1.00831513684617     
           3           4  0.989772597973778     
           4           5  0.954627948063319     
           5           6   1.45142363455771     
           5           7   1.47655986005820     
           6           7  0.197609349416651     
           1           8  0.811190955889776     
           1           9  0.842492317764164     
           2          10  0.964199192450119     
           2          11  0.969892092632169     
           3          12  0.976742604768944     
           3          13  0.969668878513883     
           4          14  0.974497218904362     
           4          15  0.971016932710188     
           1          16  0.837957960634933     
          17          18  0.840505386102492     
          17          19  0.871833228759777     
          20          21  0.863432156377002     
          20          22  0.863959536310673     
          23          24  0.842531457087791     
          23          25  0.859562764619993     
          26          27  0.870612744208100     
          26          28  0.821122159820422     
          29          30  0.848237198675073     
          29          31  0.873959828973121     
          32          33  0.854708471071278     
          32          34  0.871275509004855     
          35          36  0.876766947718800     
          35          37  0.856707135946063     
          38          39  0.824173831979137     
          38          40  0.872671048191487     
          41          42  0.827775361056257     
          41          43  0.842186840148579     
          44          45  0.785497474035948     
          44          46  0.873401225679742     
          47          48  0.855957752771882     
          47          49  0.841937174786989     
          50          51  0.829740157589435     
          50          52  0.831627943336698     
          53          54  0.853610673862623     
          53          55  0.829252015909625     
          56          57  0.870401427356127     
          56          58  0.840954328611457     
          59          60  0.822624448829425     
          59          61  0.871325424476790     
          62          63  0.869411794803024     
          62          64  0.820338160093878     
