   -0.17395666
   -0.02923446
   -0.07063088
   -0.11715050
    0.36226147
   -0.67192175
   -0.63274362
    0.29708511
    0.29919545
    0.09473948
    0.09513618
    0.04440381
    0.06344937
    0.07170226
    0.07375004
    0.30081589
   -0.68125610
    0.35823232
    0.36181214
   -0.67987113
    0.35767282
    0.32087123
   -0.67447284
    0.31531169
    0.35100562
   -0.69121704
    0.34059825
    0.31263235
   -0.66717853
    0.33449915
    0.35883118
   -0.66780705
    0.32791547
    0.32639385
   -0.67478909
    0.31706341
    0.34685110
