           1           2  0.980296453775548     
           2           3   1.01131548023812     
           3           4   1.01101081153676     
           4           5  0.954260966647588     
           5           6   1.37282905054974     
           5           7   1.54595135899705     
           6           7  0.187714040225410     
           1           8  0.898823222259590     
           1           9  0.842483351529729     
           2          10  0.969448794196494     
           2          11  0.967763608398063     
           3          12  0.970059153650296     
           3          13  0.971643614334601     
           4          14  0.948866889506115     
           4          15  0.956622842588985     
           1          16  0.831646582100706     
          17          18  0.867951198344615     
          17          19  0.864211067238150     
          20          21  0.869544036750760     
          20          22  0.851635193152576     
          23          24  0.842637544166854     
          23          25  0.872934046342188     
          26          27  0.845564164118564     
          26          28  0.877466463654089     
          29          30  0.820039928187666     
          29          31  0.863795918935877     
          32          33  0.848856572341186     
          32          34  0.846708340804945     
          35          36  0.821913612991712     
          35          37  0.873609416924584     
