           1           2  0.991831832934231     
           2           3   1.01012528952085     
           3           4   1.00337353259465     
           4           5  0.971450743734209     
           5           6   1.45573552318945     
           5           7   1.42190464075949     
           6           7  0.175301627838468     
           1           8  0.758057954240810     
           1           9  0.883752079675415     
           2          10  0.963855407721874     
           2          11  0.951608138633178     
           3          12  0.974573128581473     
           3          13  0.963236642113043     
           4          14  0.956070961206354     
           4          15  0.933818170369260     
           1          16  0.809831851972949     
          17          18  0.842707625708284     
          17          19  0.811111111191332     
          20          21  0.834788518531699     
          20          22  0.848383799745205     
          23          24  0.825586765854892     
          23          25  0.854529873088073     
          26          27  0.884117441098199     
          26          28  0.803507336171785     
          29          30  0.871539939050932     
          29          31  0.815996765639191     
          32          33  0.894574260919317     
          32          34  0.811389568361239     
          35          36  0.847691625740355     
          35          37  0.829567992511471     
          38          39  0.836652288707229     
          38          40  0.885517528560368     
          41          42  0.827326695662988     
          41          43  0.861270885094157     
          44          45  0.825807834273399     
          44          46  0.841097812996014     
          47          48  0.827913401266382     
          47          49  0.834033487812634     
          50          51  0.833955258669993     
          50          52  0.828454948553975     
          53          54  0.779935201960555     
          53          55  0.818527323813281     
          56          57  0.817552120466591     
          56          58  0.879930578447982     
          59          60  0.832379626688567     
          59          61  0.841026904486256     
          62          63  0.814549064463203     
          62          64  0.894369873088129     
          65          66  0.800778379724422     
          65          67  0.815799775963020     
          68          69  0.808712635402914     
          68          70  0.887557073931664     
          71          72  0.824150903689228     
          71          73  0.787542709512417     
          74          75  0.856619281439686     
          74          76  0.850580772484677     
          77          78  0.821131590737350     
          77          79  0.860370185526531     
          80          81  0.825048725364768     
          80          82  0.828914675298711     
          83          84  0.847179583971793     
          83          85  0.834957975210078     
          86          87  0.854558786465364     
          86          88  0.854499562886184     
          89          90  0.844736586046989     
          89          91  0.860902885119671     
          92          93  0.812647234384808     
          92          94  0.808315102517954     
          95          96  0.843275023343874     
          95          97  0.808294217006214     
          98          99  0.798327916314732     
          98         100  0.842248486568155     
         101         102  0.862386123887344     
         101         103  0.820228448979331     
         104         105  0.881135640851702     
         104         106  0.818923205490780     
         107         108  0.785812701913807     
         107         109  0.825584002712899     
         110         111  0.844796334020680     
         110         112  0.850270545708644     
         113         114  0.829565973179843     
         113         115  0.851422042949732     
         116         117  0.867559463511298     
         116         118  0.845646342787565     
           8         119  0.119844818991657     
         119         120  0.807317366463970     
         119         121  0.843167133103585     
         122         123  0.796947672459659     
         122         124  0.852168357588390     
         125         126  0.870778258105793     
         125         127  0.814653697904200     
         128         129  0.848058404493713     
         128         130  0.812031119026428     
         131         132  0.829580880631283     
         131         133  0.809029735942696     
         134         135  0.858532619558653     
         134         136  0.833797684179635     
         137         138  0.842063395319642     
         137         139  0.799347811247565     
         140         141  0.780750205216880     
         140         142  0.837749538938777     
         143         144  0.767605783248050     
         143         145  0.833402010576925     
         146         147  0.878753485687546     
         146         148  0.827924576790309     
         149         150  0.862587621104512     
         149         151  0.754027012672145     
         152         153  0.771888602264157     
         152         154  0.888500767851591     
         155         156  0.809926702375733     
         155         157  0.807503578469526     
         158         159  0.831107086779568     
         158         160  0.864857328019741     
         161         162  0.854842316209746     
         161         163  0.851360688557525     
         164         165  0.823590755456615     
         164         166  0.817748541262036     
         167         168  0.858771329260967     
         167         169  0.759512135871404     
         170         171  0.833866304303019     
         170         172  0.769963381041100     
         173         174  0.852495285294786     
         173         175  0.839179747403082     
         176         177  0.847416030741770     
         176         178  0.800217066885488     
         179         180  0.828086103839474     
         179         181  0.833930740378436     
         182         183  0.855530903142801     
         182         184  0.829707232549865     
         185         186  0.790901475275037     
         185         187  0.887907995613544     
         188         189  0.872017516520103     
         188         190  0.823221263998316     
         191         192  0.869601795421893     
         191         193  0.813418091350399     
         194         195  0.784050445915391     
         194         196  0.846697813753474     
         197         198  0.887883053773666     
         197         199  0.767164922212697     
         200         201  0.831567652403309     
         200         202  0.872992524077730     
         203         204  0.858409416738387     
         203         205  0.811430559681764     
         206         207  0.820501948941726     
         206         208  0.849413921134428     
         209         210  0.857936709735104     
         209         211  0.826751360693224     
         212         213  0.874944746158703     
         212         214  0.783266665205275     
         215         216  0.886677929966420     
         215         217  0.810137023311166     
         218         219  0.839638834463781     
         218         220  0.776809866535458     
         221         222  0.768103810267653     
         221         223  0.863291921082580     
         224         225  0.827998060478720     
         224         226  0.839342984491289     
         227         228  0.794618778033884     
         227         229  0.841018341924319     
         230         231  0.876100602709037     
         230         232  0.821644816447617     
         233         234  0.828891251091752     
         233         235  0.752971366337019     
         236         237  0.820553065236455     
         236         238  0.877016331564779     
         239         240  0.885204904772356     
         239         241  0.810656117907063     
         242         243  0.802982679806800     
         242         244  0.867047677712385     
         245         246  0.870261243801093     
         110         247  0.100799473973562     
         245         247  0.752247883552218     
         248         249  0.826120072124742     
         248         250  0.841509581621243     
         251         252  0.838505139211720     
         251         253  0.872647275904863     
         254         255  0.878315822040983     
         254         256  0.765794088189658     
