   -0.19016151
   -0.02406460
   -0.07908718
   -0.10496038
    0.36743159
   -0.62573303
   -0.62681173
    0.29483745
    0.29002134
    0.08639622
    0.08853603
    0.07993878
    0.06940212
    0.04882630
    0.05741007
    0.28735100
   -0.68490847
    0.36225953
    0.36283886
   -0.69121828
    0.35474192
    0.31508842
   -0.67447648
    0.32280145
    0.30776824
   -0.67879276
    0.35334574
    0.32334034
   -0.68604495
    0.31129272
    0.35144801
   -0.67210610
    0.34486955
    0.31701321
   -0.65481108
    0.34375199
    0.31123522
   -0.65637368
    0.31331644
    0.34300882
   -0.65305898
    0.33799056
    0.33278121
   -0.66291965
    0.35984617
    0.33061321
    0.33115858
   -0.65092228
    0.31579003
