           1           2  0.983049862767802     
           2           3   1.00813932646945     
           3           4  0.985764224270724     
           4           5  0.967131949388828     
           5           6   1.45823886639252     
           5           7   1.43200679668429     
           6           7  0.180124610969286     
           1           8  0.906098192839537     
           1           9  0.811953323236454     
           2          10  0.968455372017859     
           2          11  0.968181718718950     
           3          12  0.966901506278070     
           3          13  0.968331986589834     
           4          14  0.975726338951021     
           4          15  0.955376378444132     
           1          16  0.836260717167056     
          17          18  0.866193863564390     
          17          19  0.863057729360163     
          20          21  0.870932384700130     
          20          22  0.853413193437142     
          23          24  0.869669083416764     
          23          25  0.861107070587052     
          26          27  0.871153279281337     
          26          28  0.868755181849440     
          29          30  0.881138101626285     
          29          31  0.877023829811248     
          32          33  0.879711003779842     
          32          34  0.876967547329028     
          35          36  0.871721475341465     
          35          37  0.884493631328692     
          38          39  0.862954105669761     
          38          40  0.882448742336414     
          41          42  0.851770900608477     
          41          43  0.870186643236885     
          44          45  0.864271828639004     
          44          46  0.850835156302839     
          47          48  0.887009363491270     
          48          49  0.876116568641782     
