   -0.18126681
   -0.02646872
   -0.07666345
   -0.09951457
    0.36193342
   -0.61543880
   -0.65479256
    0.31350006
    0.29586721
    0.08782628
    0.09405172
    0.07956214
    0.06533907
    0.03429659
    0.03599671
    0.30011546
   -0.66735970
    0.33794594
    0.32054632
   -0.68110177
    0.32390613
    0.35183344
   -0.67008161
    0.33561157
    0.33720722
   -0.66686520
    0.35689223
    0.32701080
   -0.69415652
    0.32615983
    0.32929044
   -0.67100229
    0.31104725
    0.33766789
   -0.65849933
    0.34314720
    0.35645640
