           1           2  0.979109500018903     
           2           3   1.01060589004154     
           3           4  0.990466148448057     
           4           5  0.949236648480126     
           5           6   1.53958480012782     
           5           7   1.39847069284588     
           6           7  0.199971662520282     
           1           8  0.787447741983785     
           1           9  0.898087119907702     
           2          10  0.970211600625401     
           2          11  0.962683080815196     
           3          12  0.965619755925871     
           3          13  0.972849938160551     
           4          14  0.971297640629775     
           4          15  0.978644286117073     
           1          16  0.896854144125628     
          17          18  0.878374290611487     
          17          19  0.834867874284124     
          20          21  0.834923922278832     
          20          22  0.870174592838620     
          23          24  0.862396850822568     
          23          25  0.862476858477962     
          26          27  0.867849428494991     
          26          28  0.867562741592467     
          29          30  0.860628228753020     
          29          31  0.868148686516332     
          32          33  0.856492129029031     
          32          34  0.835695546001885     
           8          35  0.100401104883604     
          35          36  0.832134851883071     
          35          37  0.868196859184560     
