           1           2  0.989377074759137     
           2           3   1.00710551951115     
           3           4   1.01018766673789     
           4           5  0.927373118976743     
           5           6   1.47216063931170     
           5           7   1.49410716736617     
           6           7  0.206264886501694     
           1           8  0.814426092511190     
           1           9  0.911201767712223     
           2          10  0.971858380743658     
           2          11  0.962474480303118     
           3          12  0.967588185387659     
           3          13  0.977841426859451     
           4          14  0.969930860079967     
           4          15  0.964954298315442     
           1          16  0.797635716753861     
          17          18  0.879474926383902     
          17          19  0.824037231207800     
          20          21  0.854785873243327     
          20          22  0.831999169162901     
          23          24  0.873401695947096     
          23          25  0.835706787831975     
          26          27  0.834500857025019     
          26          28  0.870300269216946     
          29          30  0.837733416535843     
          29          31  0.823078706826950     
          32          33  0.875374068683750     
          32          34  0.849846720030856     
          35          36  0.872296510868794     
          35          37  0.837642113997384     
