   -0.19455330
   -0.02251228
   -0.07363178
   -0.10311602
    0.36194743
   -0.65206891
   -0.59732899
    0.28618004
    0.28835815
    0.09721673
    0.08467204
    0.05923123
    0.05793858
    0.04783938
    0.02706759
    0.28468361
   -0.68043699
    0.36403526
    0.35622150
   -0.71382461
    0.35283674
    0.36098782
   -0.66687597
    0.36623270
    0.35182225
   -0.66766421
    0.33957410
    0.34901584
   -0.69220339
    0.32642364
    0.32992418
   -0.70111775
    0.35716965
    0.35860407
   -0.69780883
    0.34710080
    0.30805969
