           1           2  0.984965992405299     
           2           3   1.01142156497692     
           3           4   1.00392232921010     
           4           5  0.941931361616058     
           5           6   1.47797592198609     
           5           7   1.47458124158022     
           6           7  0.200612938202160     
           1           8  0.852021768202911     
           1           9  0.836337222029070     
           2          10  0.969477789540824     
           2          11  0.969802265560439     
           3          12  0.972741420969933     
           3          13  0.973129224765048     
           4          14  0.956921875719888     
           4          15  0.976714974122517     
           1          16  0.814996179530037     
          17          18  0.864116132864894     
          17          19  0.870514825894385     
          20          21  0.875431582941160     
          20          22  0.869613103059527     
          23          24  0.863522787806190     
          23          25  0.874426549513425     
          26          27  0.841939640405110     
          26          28  0.873929577261705     
          29          30  0.872026591909267     
          29          31  0.861593381047081     
          32          33  0.869953038993129     
          32          34  0.868947542018338     
          35          36  0.879311814829253     
          35          37  0.848421138593266     
