           1           2  0.979630608533272     
           2           3   1.01067128201604     
           3           4  0.987941039685887     
           4           5  0.949387059954956     
           5           6   1.44929073901595     
           5           7   1.48014028146347     
           6           7  0.193880987842079     
           1           8  0.765767630932733     
           1           9  0.910348942672067     
           2          10  0.967990692300439     
           2          11  0.962105206733619     
           3          12  0.970122875494610     
           3          13  0.974181702442025     
           4          14  0.974049242304137     
           4          15  0.976282490484765     
           1          16  0.861585121016421     
          17          18  0.865765004453540     
          17          19  0.871196492653933     
           8          20  0.122218213801907     
          20          21  0.836004069118408     
          20          22  0.833790513897579     
          23          24  0.862367695901350     
          23          25  0.855419454440726     
          26          27  0.837522250804455     
          26          28  0.851283037963860     
          29          30  0.868425600534748     
          29          31  0.846131237619610     
          32          33  0.874793064045135     
          32          34  0.845156842658220     
          35          36  0.872673752963268     
          35          37  0.842034518315735     
