   -0.18427077
   -0.02888385
   -0.06758147
   -0.10283887
    0.36315577
   -0.65655424
   -0.65567416
    0.30644160
    0.27589827
    0.08718742
    0.11031764
    0.06393307
    0.04221838
    0.02338168
    0.04675372
    0.31500812
   -0.66342854
    0.35201018
    0.33956545
   -0.67160815
    0.35408060
    0.34933890
   -0.70958788
    0.34504842
    0.33296512
   -0.67487431
    0.33986484
    0.30903368
   -0.68621261
    0.35216945
    0.35013196
   -0.66779347
    0.35611042
    0.35732508
   -0.66748902
    0.32165684
    0.34320072
