           1           2  0.987250703397608     
           2           3   1.00692107147392     
           3           4  0.995703889900695     
           4           5  0.935886794246249     
           5           6   1.51613624418017     
           5           7   1.44257645429559     
           6           7  0.203767377881313     
           1           8  0.815534708994005     
           1           9  0.909514600542241     
           2          10  0.970102999777938     
           2          11  0.963098652880144     
           3          12  0.970554889480470     
           3          13  0.976437274419505     
           4          14  0.981896347734807     
           4          15  0.966889133839863     
           1          16  0.812037188949292     
          17          18  0.796896757194581     
          17          19  0.875708965710467     
          20          21  0.823755364952800     
          20          22  0.876331790853950     
          23          24  0.880709817605998     
          23          25  0.845594597595158     
          26          27  0.880795078958992     
          26          28  0.832116866164805     
          29          30  0.871892743374624     
          29          31  0.835835701332380     
          32          33  0.809265257914657     
          32          34  0.863548061169179     
          35          36  0.858298209616563     
          35          37  0.833024476418626     
