   -0.17470057
   -0.02634073
   -0.06903409
   -0.10057900
    0.36050220
   -0.65998861
   -0.67910850
    0.28903422
    0.29068039
    0.10143989
    0.08482693
    0.05678604
    0.04996771
    0.02765754
    0.02877997
    0.29867933
   -0.66572318
    0.36352891
    0.33897765
   -0.68202809
    0.35827310
    0.36647718
   -0.72150429
    0.36154544
    0.35995885
   -0.71172286
    0.35553260
    0.35619008
   -0.68400181
    0.35954186
    0.36284594
   -0.69700062
    0.34950790
    0.35099862
   -0.71178677
    0.35653161
    0.35525512
