           1           2  0.985114762353760     
           2           3   1.00815569738912     
           3           4   1.00657579954353     
           4           5  0.926287597807792     
           5           6   1.49367196981300     
           5           7   1.48145820315065     
           6           7  0.209920492725816     
           1           8  0.852117914499263     
           1           9  0.849739048535570     
           2          10  0.963477614445377     
           2          11  0.970320882336597     
           3          12  0.969600815062846     
           3          13  0.975776019748938     
           4          14  0.979271523149720     
           4          15  0.962576505491454     
           1          16  0.840595492532507     
          17          18  0.864642486594938     
          17          19  0.881757484977884     
          20          21  0.868178312142594     
          20          22  0.862811024426615     
          23          24  0.869107766538965     
          23          25  0.870252601880927     
          26          27  0.873518885374896     
          26          28  0.873051105001824     
          29          30  0.867297756799859     
          29          31  0.864878426337345     
          32          33  0.877085925374573     
          32          34  0.876001382013438     
          35          36  0.872804772897525     
          35          37  0.873713429130636     
