   -0.18988096
   -0.02458311
   -0.07799468
   -0.10730935
    0.36306173
   -0.63185622
   -0.60319637
    0.28768029
    0.29300822
    0.09897640
    0.08661178
    0.08271441
    0.06119579
    0.04980913
    0.05087910
    0.29225677
   -0.67957133
    0.36758403
    0.35616059
   -0.67916567
    0.33548843
    0.32441394
   -0.66534028
    0.32747990
    0.31804576
   -0.70463726
    0.36662844
    0.36105433
   -0.68740308
    0.31849188
    0.35032010
   -0.68936179
    0.35015012
    0.32237789
   -0.70274503
    0.35188460
    0.32677152
