           1           2  0.975120761280518     
           2           3   1.01337826411684     
           3           4  0.998316169782830     
           4           5  0.953998207283336     
           5           6   1.50816739041513     
           5           7   1.42217016611362     
           6           7  0.192492787021671     
           1           8  0.904287276961675     
           1           9  0.841434540766773     
           2          10  0.968992413790297     
           2          11  0.969523576233618     
           3          12  0.963254042888837     
           3          13  0.972428775837538     
           4          14  0.955305450181541     
           4          15  0.972111744844292     
           1          16  0.804228477962001     
          17          18  0.860855342349375     
          17          19  0.870721089259650     
          20          21  0.883736102144821     
          20          22  0.834145803630021     
          23          24  0.858465767419259     
          23          25  0.845903600347375     
          26          27  0.863501491207757     
          26          28  0.867123461466945     
          29          30  0.866736876330436     
          29          31  0.875780636909917     
          32          33  0.873441956924867     
          32          34  0.838911090362941     
          35          36  0.876100057447366     
          35          37  0.858989380422124     
