    0.10128703
   -0.02439861
    0.30740557
    0.10639169
   -0.18542808
    0.05199782
   -0.11405816
   -0.61735203
    0.36624150
    0.28667287
   -0.63704819
    0.28387788
    0.05913784
   -0.66649993
    0.31674519
    0.33378396
   -0.68085601
    0.35262647
    0.35831771
   -0.69786947
    0.36341680
    0.36082177
   -0.68510227
    0.31123811
    0.34622778
   -0.68846850
    0.34817061
    0.32495822
   -0.71257721
    0.33023937
    0.35764568
   -0.65304769
    0.35293843
    0.34256386
