           1           2  0.961088194927980     
           2           4  0.960022033842600     
           2           5  0.979770281441228     
           3           5  0.803047694669878     
           2           7   1.00245871223225     
           6           7  0.976121911071007     
           7           9  0.944851934354692     
           8           9   1.43160611870943     
           5          10  0.841650887848556     
           8          11  0.198515119059064     
           9          11   1.50995553442547     
           5          12  0.906023952716099     
           7          13  0.961546404839347     
          14          15  0.863751134475311     
          14          16  0.851014518246414     
          17          18  0.874191761983678     
          17          19  0.870154425806177     
          20          21  0.865344317268812     
          20          22  0.866798739903656     
          23          24  0.856866949255005     
          23          25  0.878619088241505     
          26          27  0.876571718038129     
          26          28  0.836661257076294     
          29          30  0.856650859177678     
          29          31  0.871893029613032     
          32          33  0.872837281089661     
          32          34  0.843671060981136     
