    0.10798854
   -0.02584947
    0.30248291
    0.11051415
   -0.18409127
    0.07736998
   -0.11911666
   -0.60826177
    0.36610473
    0.30563300
   -0.63017771
    0.29516168
    0.06374664
   -0.66421687
    0.33915607
    0.31657812
   -0.68798775
    0.32558406
    0.32054673
   -0.68107645
    0.32227540
    0.35654434
   -0.68586552
    0.34948913
    0.32352403
   -0.68780410
    0.32980566
    0.35333137
   -0.67311898
    0.32958643
    0.32953874
   -0.70355629
    0.36345105
    0.36271007
