           1           2  0.960586433128941     
           2           4  0.963919634010906     
           2           5  0.968977655805889     
           3           5  0.896606992386921     
           2           7   1.00562721698651     
           6           7  0.967575574489741     
           7           9  0.946066575863330     
           8           9   1.47655095774520     
           5          10  0.805242354630374     
           8          11  0.196174770484881     
           9          11   1.46276166337174     
           5          12  0.899777292143774     
           7          13  0.958398956227368     
          14          15  0.825183624466123     
          14          16  0.846620759407444     
          17          18  0.861868864312948     
          17          19  0.866595559101848     
          20          21  0.851532078211818     
          20          22  0.870399425608053     
          23          24  0.873304469009507     
          23          25  0.841311104072948     
          26          27  0.851301655136823     
          26          28  0.872115290925755     
          29          30  0.850545114870930     
          29          31  0.855920774418452     
          32          33  0.865659905757995     
          32          34  0.866497310044368     
