   -0.11832451
    0.36751555
   -0.63131935
   -0.63009505
   -0.01491709
   -0.17987224
    0.07414293
    0.05529837
    0.09598713
    0.08882403
    0.28528688
    0.30854305
    0.30325266
   -0.70066244
    0.32556069
    0.35054849
   -0.68657617
    0.34369764
    0.30809553
   -0.66602347
    0.35513422
    0.33055181
   -0.68137821
    0.36235859
    0.36416505
   -0.66553458
    0.32465134
    0.35724338
   -0.66837388
    0.33063473
    0.31514486
   -0.68781430
    0.35676715
    0.32748721
