           1           2  0.938227005102487     
           2           3   1.44514332128341     
           2           4   1.50157305970105     
           3           4  0.199474572099429     
           1           5  0.997948096979082     
           5           6  0.981916063916476     
           1           7  0.967789756399130     
           1           8  0.973587394809919     
           5           9  0.966573068242101     
           5          10  0.969691576597154     
           6          11  0.904295684232969     
           6          12  0.815168911746793     
           6          13  0.833389039981927     
          14          15  0.859877718000795     
          14          16  0.876944221739245     
          17          18  0.880444684653678     
          17          19  0.854771551977403     
          20          21  0.867931495475812     
          20          22  0.837035921568804     
          23          24  0.864432231801876     
          23          25  0.863924682228274     
          26          27  0.840985680332256     
          26          28  0.869574979295091     
          29          30  0.853227540517446     
          29          31  0.848478025330171     
          32          33  0.868708453891758     
          32          34  0.853811202775500     
