    0.08575677
   -0.02014375
    0.30548668
    0.10022190
   -0.18938245
    0.06417196
   -0.12155893
   -0.61952303
    0.36556822
    0.29366621
   -0.64430298
    0.28544980
    0.07499647
   -0.69930865
    0.35543702
    0.33567889
   -0.70025646
    0.36581728
    0.35934721
   -0.66647736
    0.36318341
    0.33861883
   -0.69113262
    0.35011460
    0.33857343
   -0.68882950
    0.35487398
    0.32587661
   -0.71586169
    0.35824253
    0.35761919
   -0.66691972
    0.31265456
    0.33234160
