   -0.19055942
   -0.02822974
   -0.07023576
   -0.10881012
    0.36247616
   -0.63540381
   -0.62668155
    0.29872916
    0.28285310
    0.08949564
    0.10189119
    0.05430942
    0.05347100
    0.07389507
    0.01954666
    0.28446510
   -0.71607055
    0.33593087
    0.35257636
   -0.66745258
    0.35524087
    0.33839990
   -0.65140365
    0.34743945
    0.33911844
   -0.66459552
    0.35112485
    0.32924229
   -0.68992141
    0.34434513
    0.35226477
   -0.68798573
    0.32529022
    0.34405212
   -0.67581257
    0.35623476
    0.32076991
