           1           2  0.985415976179061     
           2           3   1.01132958326952     
           3           4  0.996827147083227     
           4           5  0.953217594812833     
           5           6   1.55690197398866     
           5           7   1.36708989190514     
           6           7  0.186033740009754     
           1           8  0.823287037166725     
           1           9  0.860174742083105     
           2          10  0.970463055307158     
           2          11  0.962755558640030     
           3          12  0.973796598416834     
           3          13  0.974087967005367     
           4          14  0.948246875276220     
           4          15  0.980400693776946     
           1          16  0.825178961955851     
          17          18  0.848375985533516     
          17          19  0.875510484847047     
          20          21  0.866093538958158     
          20          22  0.836151810402549     
          23          24  0.830996499032279     
          23          25  0.857269651903115     
          26          27  0.870871354984299     
          26          28  0.851463910378341     
          29          30  0.842445175662797     
          29          31  0.871738815312809     
          32          33  0.859168452834958     
          32          34  0.879331887640647     
          35          36  0.867980056806080     
          35          37  0.848792106167879     
