   -0.18347678
   -0.02142586
   -0.07556555
   -0.10409826
    0.36568806
   -0.62770251
   -0.63461613
    0.28644296
    0.28874408
    0.09817474
    0.07609813
    0.06483046
    0.07539523
    0.05171926
    0.04432230
    0.30143589
   -0.65131546
    0.31139191
    0.33696061
   -0.67879436
    0.33181858
    0.35599311
   -0.68689562
    0.35316026
    0.30770466
   -0.66655272
    0.33314395
    0.31079488
   -0.68091255
    0.34666928
    0.30691384
   -0.68197323
    0.36333220
    0.35947572
   -0.68157349
    0.35655593
    0.35588390
   -0.67894818
    0.34390783
    0.31742134
   -0.66505981
    0.35624197
    0.33909969
   -0.68338481
    0.34831489
    0.31465967
