   -0.11540890
    0.36558275
   -0.65384653
   -0.64016206
   -0.03135655
   -0.17727621
    0.05297437
    0.05185094
    0.11104341
    0.11346866
    0.28518494
    0.28929105
    0.32359473
   -0.71553701
    0.35541690
    0.36012008
   -0.68168759
    0.35470587
    0.34295355
   -0.64881157
    0.32898128
    0.33666134
   -0.68905347
    0.34648862
    0.32091225
   -0.66266082
    0.34659637
    0.36222065
   -0.69775911
    0.32404532
    0.34029358
   -0.68008173
    0.34618275
    0.33507211
