           1           2  0.928713066998372     
           2           3   1.51930951760924     
           2           4   1.43919273300174     
           3           4  0.204928037965341     
           1           5   1.01735938032565     
           5           6  0.974537091519467     
           1           7  0.965485643120956     
           1           8  0.961984238958802     
           5           9  0.957542967912581     
           5          10  0.957676151175108     
           6          11  0.904375028028742     
           6          12  0.902752605426345     
           6          13  0.781069682562710     
          14          15  0.873564212928171     
          14          16  0.870198932023681     
          17          18  0.870833815550417     
          17          19  0.835762005923613     
          20          21  0.839649716990304     
          20          22  0.875247978596140     
          23          24  0.879241815105327     
          23          25  0.859381809400505     
          13          26  0.102501427893342     
          26          27  0.811333682562295     
          26          28  0.862080550988131     
          29          30  0.865653863030843     
          29          31  0.857422118879061     
          32          33  0.874163887606420     
          32          34  0.835514593137309     
