   -0.20132987
   -0.02248986
   -0.07393869
   -0.10643193
    0.36389004
   -0.63477886
   -0.60396229
    0.28320930
    0.30147854
    0.09655521
    0.08304134
    0.06291604
    0.06456816
    0.04808220
    0.04396362
    0.28783322
   -0.70065104
    0.35715771
    0.36449996
   -0.70528807
    0.35436344
    0.35329102
   -0.65094902
    0.33857571
    0.33686070
   -0.64493797
    0.32237623
    0.32764689
   -0.68386350
    0.31583281
    0.35347053
   -0.71218934
    0.33184362
    0.35038046
   -0.68758818
    0.32721706
    0.35934482
