           1           2  0.982303008692869     
           2           3   1.01206924392114     
           3           4  0.999486134978280     
           4           5  0.950711888707742     
           5           6   1.49492809722516     
           5           7   1.43733371748641     
           6           7  0.194363943810711     
           1           8  0.906581855682548     
           1           9  0.795521499762649     
           2          10  0.969017952982516     
           2          11  0.969747439123381     
           3          12  0.971812215728723     
           3          13  0.972085450237768     
           4          14  0.956456658332000     
           4          15  0.974724954580360     
           1          16  0.813407353799385     
          17          18  0.869293434634394     
          17          19  0.864008532805221     
          20          21  0.874015169142996     
          20          22  0.874756419645666     
          23          24  0.852678946005103     
          23          25  0.843108070697869     
          26          27  0.857090216793264     
          26          28  0.845732138793962     
          29          30  0.835595940837591     
          29          31  0.871533276395434     
          32          33  0.848265939417849     
          32          34  0.877026104657861     
          35          36  0.847448585390160     
          35          37  0.867048670780429     
