   -0.19086697
   -0.02091554
   -0.07167616
   -0.10569551
    0.36239469
   -0.66140588
   -0.63853255
    0.30269425
    0.29968997
    0.11570012
    0.05988359
    0.04243855
    0.07427239
    0.04726810
    0.01733676
    0.27189138
   -0.71291419
    0.34714543
    0.33373708
   -0.66618106
    0.33192694
    0.35258122
   -0.67119019
    0.35121073
    0.35333019
   -0.68958686
    0.34805410
    0.34360526
   -0.68880316
    0.33976258
    0.34375161
   -0.67750793
    0.35519299
    0.35307375
   -0.65963478
    0.35838278
    0.34958632
