           1           2  0.985307297060974     
           2           3   1.00966541856117     
           3           4  0.993577301597539     
           4           5  0.932898692788358     
           5           6   1.51752440616444     
           5           7   1.44862461701736     
           6           7  0.206768710095699     
           1           8  0.829869606691539     
           1           9  0.836714178416865     
           2          10  0.960376046336429     
           2          11  0.974988913776027     
           3          12  0.976622564293122     
           3          13  0.970775088436756     
           4          14  0.972729809727217     
           4          15  0.980133681109626     
           1          16  0.849663052381769     
          17          18  0.879252014745384     
          17          19  0.844253311801382     
          20          21  0.885318899235488     
          20          22  0.813254041007164     
          23          24  0.867456790391959     
          23          25  0.810036545295454     
          26          27  0.846086796351501     
          26          28  0.838896466073704     
          29          30  0.879094161512845     
          29          31  0.807329178585249     
          32          33  0.829369990071172     
          32          34  0.867467690727024     
          35          36  0.815003833989696     
          35          37  0.870318627672833     
