   -0.18248500
   -0.02608114
   -0.07589098
   -0.10242852
    0.36462714
   -0.66099749
   -0.60909431
    0.29655063
    0.29003359
    0.09401103
    0.09394742
    0.05576018
    0.06542314
    0.04640876
    0.03106291
    0.28122135
   -0.66600176
    0.35895311
    0.31332365
   -0.71681961
    0.35552079
    0.36129873
   -0.67501518
    0.34131482
    0.33019382
   -0.67254685
    0.34260025
    0.36131538
   -0.66905293
    0.35528932
    0.32329404
   -0.67748564
    0.32197496
    0.34956395
   -0.68441387
    0.34519437
    0.33942995
