           1           2  0.982228163833134     
           2           3   1.01060608721339     
           3           4   1.00970800726743     
           4           5  0.943827184227655     
           5           6   1.46164173801529     
           5           7   1.46965641785964     
           6           7  0.195746297482478     
           1           8  0.836071417087280     
           1           9  0.850386868337950     
           2          10  0.970681192448305     
           2          11  0.966921893256907     
           3          12  0.973730169896391     
           3          13  0.971234822986005     
           4          14  0.966175878713319     
           4          15  0.959639763838292     
           1          16  0.841635443788726     
          17          18  0.865031089185680     
          17          19  0.847411472943684     
          20          21  0.873411524172649     
          20          22  0.869269816134480     
          23          24  0.836855784928650     
          23          25  0.872487075621002     
          26          27  0.831530416321335     
          26          28  0.860442946516598     
          29          30  0.869219171629614     
          29          31  0.857019946031968     
          32          33  0.868324775624966     
          32          34  0.845466279653806     
          35          36  0.874936661669871     
          35          37  0.832123006936231     
