   -0.19431418
   -0.01890296
   -0.07250965
   -0.10011832
    0.35973287
   -0.64722223
   -0.68642567
    0.27016727
    0.30480170
    0.08747357
    0.06914072
    0.05184322
    0.06440661
    0.02858746
    0.02306090
    0.31154978
   -0.69420550
    0.35290616
    0.34025938
   -0.69547330
    0.34988867
    0.34998883
   -0.66459310
    0.33838071
    0.33979188
   -0.68483013
    0.34352222
    0.35219432
   -0.67752336
    0.35963407
    0.36310480
   -0.66667923
    0.34356803
    0.35161793
   -0.65727960
    0.34319810
    0.36125802
