           1           2  0.992391244924239     
           2           3   1.00877971585843     
           3           4   1.00982294107277     
           4           5  0.924415700034785     
           5           6   1.49766584363014     
           5           7   1.47960474039034     
           6           7  0.210320403517595     
           1           8  0.912920723956879     
           1           9  0.807979975442061     
           2          10  0.969560592907368     
           2          11  0.971240666697189     
           3          12  0.972998570172991     
           3          13  0.973748892898968     
           4          14  0.969216813231653     
           4          15  0.967198366393920     
           1          16  0.781411210371865     
          17          18  0.871626348860088     
          17          19  0.834915407982569     
          20          21  0.873979672781940     
          20          22  0.833778542042904     
          23          24  0.831542705836571     
          23          25  0.848897174404094     
          26          27  0.878207881839910     
          26          28  0.841008574261509     
          29          30  0.867862893062134     
          29          31  0.863748738562347     
          16          32  0.110005352714193     
          32          33  0.846419160902613     
          32          34  0.830047124620797     
          35          36  0.876400763261609     
          35          37  0.799976655065870     
