   -0.18250723
   -0.03047279
   -0.06898955
   -0.10319903
    0.36197728
   -0.64530231
   -0.67278487
    0.27017312
    0.30602722
    0.11669094
    0.08964310
    0.04779193
    0.05002359
    0.04365635
    0.03615182
    0.31043189
   -0.65708217
    0.34480440
    0.33972845
   -0.68013769
    0.35364335
    0.35285872
   -0.68537560
    0.34746759
    0.34975762
   -0.68129469
    0.33932777
    0.34498003
   -0.68019593
    0.34035754
    0.34015147
   -0.69521560
    0.30405562
    0.34504877
   -0.66374913
    0.35284299
    0.35871500
