           1           2  0.983271050019373     
           2           3   1.00930334215680     
           3           4   1.00654480951789     
           4           5  0.935986862141083     
           5           6   1.51534514040484     
           5           7   1.44056742306269     
           6           7  0.201974625717314     
           1           8  0.910885800393372     
           1           9  0.815016428762854     
           2          10  0.959659986909456     
           2          11  0.969525562297871     
           3          12  0.971951822955865     
           3          13  0.975596776957316     
           4          14  0.972999233894083     
           4          15  0.959514236550823     
           1          16  0.818298691889916     
          17          18  0.834739235236912     
          17          19  0.880250962323469     
          20          21  0.821849533613270     
          20          22  0.868504902604302     
          23          24  0.842358597956651     
          23          25  0.870314474191536     
          26          27  0.843685268975022     
          26          28  0.872334463472353     
          29          30  0.877952314694959     
          29          31  0.834962020053979     
          32          33  0.844743924056255     
          32          34  0.880295449835502     
          35          36  0.828233010182829     
          35          37  0.862385181391668     
