   -0.18611588
   -0.01935929
   -0.07143705
   -0.10406194
    0.36227091
   -0.64865689
   -0.65753365
    0.27241058
    0.31259247
    0.10866201
    0.06391787
    0.04359014
    0.07315363
    0.05067171
    0.02793544
    0.31164117
   -0.66572533
    0.35056844
    0.32580317
   -0.65125882
    0.33825098
    0.34031029
   -0.71357051
    0.35246298
    0.36110767
   -0.67347778
    0.35182678
    0.35393440
   -0.69943920
    0.33598074
    0.34947837
   -0.67092166
    0.34468028
    0.35063139
   -0.68209045
    0.34840635
    0.31336066
