           1           2  0.987443976832956     
           2           3   1.00895626329046     
           3           4  0.997257918759496     
           4           5  0.936965666232666     
           5           6   1.51997005747267     
           5           7   1.43867901743792     
           6           7  0.204712860287113     
           1           8  0.910763337200612     
           1           9  0.810696337869908     
           2          10  0.961065908053460     
           2          11  0.973319948470558     
           3          12  0.976245450471169     
           3          13  0.970684815459049     
           4          14  0.975341992667137     
           4          15  0.968490009239178     
           1          16  0.813642455943478     
          17          18  0.873807255974763     
          17          19  0.840121145436620     
          20          21  0.865334593263467     
          20          22  0.849280413313149     
          23          24  0.875643452965032     
          23          25  0.869469719524220     
          26          27  0.840771803192271     
          26          28  0.868398910935559     
          29          30  0.852904208446766     
          29          31  0.876256242926314     
          32          33  0.875867740539114     
          32          34  0.829532333260083     
          35          36  0.872762966548934     
          35          37  0.825603206931642     
