    0.08972281
   -0.01648567
    0.29551633
    0.09756958
   -0.18261336
    0.05092783
   -0.11630193
   -0.61984408
    0.36793799
    0.28264718
   -0.63704174
    0.29874216
    0.07792173
   -0.68658445
    0.35302643
    0.30856961
   -0.68416747
    0.31437268
    0.35785135
   -0.67773969
    0.33349138
    0.35724581
   -0.68710088
    0.36488798
    0.36033070
   -0.69896905
    0.31983319
    0.35145502
   -0.67267412
    0.35230165
    0.32872663
   -0.65990170
    0.35410615
    0.32223997
