           1           2  0.965924641727357     
           2           4  0.967762976813777     
           2           5  0.988523571282479     
           3           5  0.847432275449505     
           2           7  0.995496129368118     
           6           7  0.972213252642512     
           7           9  0.948851665819936     
           8           9   1.46699188728586     
           5          10  0.848492528948286     
           8          11  0.189890387103951     
           9          11   1.45494151462011     
           5          12  0.825517104895574     
           7          13  0.963735696941887     
          14          15  0.874322712222624     
          14          16  0.864665946484561     
          17          18  0.845117264392964     
          17          19  0.869675498517746     
          20          21  0.832305131782821     
          20          22  0.866977484162093     
          23          24  0.862781247293305     
          23          25  0.866079052627927     
          26          27  0.859425972401695     
          26          28  0.876384965892575     
          29          30  0.871959442200411     
          29          31  0.846544219730098     
          32          33  0.870361764793610     
          32          34  0.852386131712461     
