   -0.19109411
   -0.02290657
   -0.07133207
   -0.10349571
    0.36131869
   -0.63952114
   -0.61959218
    0.29975157
    0.28536917
    0.09592703
    0.08223387
    0.05585912
    0.05685638
    0.05060934
    0.02369284
    0.27971656
   -0.68100896
    0.35843776
    0.36287469
   -0.67404202
    0.32801412
    0.34047779
   -0.67089581
    0.34331411
    0.34442016
   -0.67521056
    0.34515731
    0.32131491
   -0.68607815
    0.33262961
    0.32531634
   -0.66656355
    0.33426068
    0.34373469
   -0.65485107
    0.33474240
    0.35056279
