           1           2  0.989304882155815     
           2           3   1.01076140415659     
           3           4  0.998833683279618     
           4           5  0.944865701851537     
           5           6   1.54698437886093     
           5           7   1.39197768914301     
           6           7  0.194922725662199     
           1           8  0.801411870499193     
           1           9  0.861867376355490     
           2          10  0.968608139540436     
           2          11  0.969595055583241     
           3          12  0.973252783894134     
           3          13  0.973846671144220     
           4          14  0.956698621480177     
           4          15  0.979860713144775     
           1          16  0.833776632180070     
          17          18  0.868247568353519     
          17          19  0.865024940831245     
          20          21  0.861719499421895     
          20          22  0.848332922533446     
          23          24  0.875952705913148     
          23          25  0.838966340320478     
          26          27  0.876502719735781     
          26          28  0.854461236204546     
          29          30  0.865572408583943     
          29          31  0.870410391334634     
          32          33  0.852058959697961     
          32          34  0.828587336408742     
          35          36  0.853997304725773     
          35          37  0.871196707921835     
