    0.06865968
   -0.01536047
    0.29540446
    0.11676774
   -0.19817012
    0.04248733
   -0.11643869
   -0.64008791
    0.36178755
    0.27046901
   -0.66644389
    0.29926581
    0.06345918
   -0.67795121
    0.35156807
    0.34407850
   -0.67910460
    0.34758195
    0.35663912
   -0.66676817
    0.33769612
    0.35120017
   -0.69247611
    0.34095450
    0.34063665
   -0.66591170
    0.35505831
    0.35048742
   -0.68815985
    0.34519087
    0.34412929
   -0.67550914
    0.35057881
    0.34828135
