           1           2  0.973749903594651     
           2           4  0.958939644394831     
           2           5  0.985237860734294     
           3           5  0.838684816854874     
           2           7   1.01020826104296     
           6           7  0.974859157534457     
           7           9  0.932386940068523     
           8           9   1.45743250344048     
           5          10  0.855664037596065     
           8          11  0.206426664293060     
           9          11   1.50928303072969     
           5          12  0.808770122906519     
           7          13  0.958079244776351     
          14          15  0.842884372042442     
          14          16  0.869913753036105     
          17          18  0.817322703224700     
          17          19  0.865130610782111     
          20          21  0.855856534125539     
          20          22  0.836813878062689     
          23          24  0.840830453221904     
          23          25  0.876137354991335     
          26          27  0.869973251517906     
          26          28  0.853160843231712     
          29          30  0.817939839225432     
          29          31  0.874361659987450     
          32          33  0.872268430803710     
          32          34  0.820559949249747     
