   -0.11892594
    0.36598935
   -0.64768879
   -0.64783695
   -0.01783187
   -0.17852188
    0.07433172
    0.04500765
    0.06648910
    0.10878577
    0.27770359
    0.30312000
    0.31232032
   -0.68185721
    0.34370945
    0.32926431
   -0.67398228
    0.34894303
    0.36518428
   -0.68161014
    0.35719340
    0.33747070
   -0.66684481
    0.34741567
    0.32244951
   -0.69479073
    0.33731300
    0.31743840
   -0.65927626
    0.36151892
    0.33332510
   -0.68743913
    0.35167394
    0.34995880
