           1           2  0.927568630264573     
           2           3   1.44326586745384     
           2           4   1.52347235719914     
           3           4  0.205548888941269     
           1           5   1.00187271502905     
           5           6  0.982222203806556     
           1           7  0.967906755727455     
           1           8  0.975520435785555     
           5           9  0.973231273595572     
           5          10  0.954489778312205     
           6          11  0.908625622661204     
           6          12  0.837342161158831     
           6          13  0.803020057343936     
          14          15  0.874828167282152     
          14          16  0.835331066912989     
          17          18  0.841387885920424     
          17          19  0.862319049369375     
          20          21  0.868640343790732     
          20          22  0.843681244534123     
          23          24  0.874852291880901     
          23          25  0.813955839645906     
          26          27  0.850121012055640     
          26          28  0.864383653616008     
          29          30  0.863519797969248     
          29          31  0.827139436557376     
          32          33  0.869628614769330     
          32          34  0.825058742986024     
