    0.07492761
   -0.01431132
    0.30187991
    0.09597598
   -0.18515762
    0.04483573
   -0.11832139
   -0.64960616
    0.36638463
    0.27775882
   -0.63244022
    0.29727037
    0.07422792
   -0.69691563
    0.34124327
    0.34650110
   -0.67252632
    0.35697675
    0.34944006
   -0.65658804
    0.32299943
    0.35303390
   -0.68035704
    0.33860487
    0.34314842
   -0.71569535
    0.35970901
    0.35598632
   -0.66232588
    0.33388813
    0.35707487
   -0.68219845
    0.32185478
    0.35272156
