           1           2  0.971624432271045     
           2           4  0.967248282549969     
           2           5  0.992306216027788     
           3           5  0.807796047724336     
           2           7  0.997704343634757     
           6           7  0.970287488556262     
           7           9  0.937442133928371     
           8           9   1.40171043808280     
           5          10  0.857849422003887     
           8          11  0.197826815927826     
           9          11   1.54777510871792     
           5          12  0.838403707938378     
           7          13  0.967893218912902     
          14          15  0.824537229068019     
          14          16  0.874108506235885     
          17          18  0.869133818771865     
          17          19  0.830317770535584     
          20          21  0.844941779215440     
          20          22  0.868682667369818     
          23          24  0.858711465116972     
          23          25  0.844289256818919     
          26          27  0.870457532956948     
          26          28  0.873121806693984     
          29          30  0.832323305676974     
          29          31  0.864176571486760     
          32          33  0.831153653674711     
          32          34  0.870640233330614     
