    0.11501296
   -0.02957110
    0.30145538
    0.09983409
   -0.18644940
    0.07346120
   -0.11992860
   -0.59920740
    0.36750659
    0.30842509
   -0.62924282
    0.29184866
    0.06404230
   -0.70242264
    0.34824759
    0.32754800
   -0.69682643
    0.36019387
    0.36157269
   -0.66655223
    0.33656132
    0.31763140
   -0.68132099
    0.35149113
    0.32133607
   -0.70573283
    0.35090604
    0.33788115
   -0.66368337
    0.32006306
    0.32551807
   -0.67062555
    0.34238449
    0.32864220
