           1           2  0.953526677276665     
           2           4  0.968562179597615     
           2           5  0.970436237424195     
           3           5  0.897253616441007     
           2           7   1.00856204494638     
           6           7  0.968293520019010     
           7           9  0.943569525813477     
           8           9   1.47803060182528     
           5          10  0.794078897691475     
           8          11  0.195306657288067     
           9          11   1.46566847265900     
           5          12  0.901734921200312     
           7          13  0.957090234482020     
          14          15  0.878587720851395     
          14          16  0.855331337910177     
          17          18  0.868423703714182     
          17          19  0.867328911879906     
          20          21  0.860959466640943     
          20          22  0.861666264344669     
          23          24  0.873586085173990     
          23          25  0.834045049945121     
          26          27  0.875214274584485     
          26          28  0.845713275819050     
          29          30  0.852510838119233     
          29          31  0.856711532743706     
          32          33  0.861005734694455     
          32          34  0.841437513145001     
