    0.07546556
   -0.01938152
    0.29547555
    0.11374015
   -0.18113177
    0.06089984
   -0.11888414
   -0.61966522
    0.36447766
    0.28496833
   -0.64760328
    0.29379656
    0.06718015
   -0.68676562
    0.35196162
    0.31764973
   -0.69520545
    0.35876722
    0.36398939
   -0.66342605
    0.35333981
    0.32939990
   -0.68740474
    0.31445510
    0.34926747
   -0.68118904
    0.36046015
    0.34708296
   -0.69666934
    0.36023865
    0.35913001
   -0.70012328
    0.32570499
    0.34999867
