           1           2  0.972823865573456     
           2           4  0.958059612723805     
           2           5  0.982080672212949     
           3           5  0.856556654102668     
           2           7   1.00713969421966     
           6           7  0.970868646547738     
           7           9  0.941038784311968     
           8           9   1.47952149143861     
           5          10  0.842382525193672     
           8          11  0.200232971544199     
           9          11   1.47355160107052     
           5          12  0.843707646230930     
           7          13  0.957201978200306     
          14          15  0.874546954164265     
          14          16  0.866918400208784     
          17          18  0.868534320794659     
          17          19  0.865411218418604     
          20          21  0.870800646598176     
          20          22  0.851431723771054     
          23          24  0.832333995456996     
          23          25  0.874808486134354     
          26          27  0.866800099795578     
          26          28  0.870705367162801     
          29          30  0.868541682165025     
          29          31  0.868920226067258     
          32          33  0.859522643404127     
          32          34  0.877345117000930     
