   -0.17623505
   -0.02715059
   -0.07166949
   -0.10651823
    0.36442283
   -0.63829903
   -0.60331882
    0.30331180
    0.28070027
    0.12098857
    0.07624616
    0.05202525
    0.06682927
    0.04887561
    0.03814656
    0.28611467
   -0.68671276
    0.33600891
    0.32328982
   -0.68096474
    0.34635965
    0.35314116
   -0.68356195
    0.34910237
    0.35689943
   -0.69165034
    0.31413731
    0.33935477
   -0.69650460
    0.34851414
    0.30896961
   -0.65463799
    0.34585812
    0.36190987
   -0.69389882
    0.35241653
    0.33749971
