           1           2  0.979269174933130     
           2           3   1.00984232843992     
           3           4  0.989551454712957     
           4           5  0.948493608337593     
           5           6   1.46181965731530     
           5           7   1.48146160370178     
           6           7  0.198533781994970     
           1           8  0.819357851239522     
           1           9  0.907211016723281     
           2          10  0.957837723248497     
           2          11  0.973226690812703     
           3          12  0.975149344278147     
           3          13  0.974043117946511     
           4          14  0.971135611845008     
           4          15  0.975611081827228     
           1          16  0.833080108656661     
          17          18  0.885142142567411     
          17          19  0.850281579408715     
          20          21  0.841296991307863     
          20          22  0.872567517562240     
          23          24  0.865704682939832     
          23          25  0.868307628951651     
          26          27  0.852123867890454     
          26          28  0.882935309946676     
          29          30  0.877912373559046     
          29          31  0.851229514436561     
          32          33  0.834703192870202     
          32          34  0.864718353419604     
          35          36  0.873427914439114     
          35          37  0.835055282381699     
