   -0.19022435
   -0.03143667
   -0.07284749
   -0.10704919
    0.36239706
   -0.64602569
   -0.62404840
    0.28392615
    0.29681991
    0.11006349
    0.09659584
    0.05835309
    0.06150670
    0.06018330
    0.02368236
    0.28828144
   -0.70079868
    0.35741122
    0.35913128
   -0.72252052
    0.36214738
    0.36037304
   -0.70011343
    0.35425096
    0.35055231
   -0.67526482
    0.35156852
    0.32150734
   -0.66525153
    0.36258681
    0.34179481
   -0.70284150
    0.32930140
    0.35779622
   -0.69019849
    0.34458260
    0.33380755
