           1           2  0.974084145620975     
           2           3   1.01353583018626     
           3           4   1.00191826867319     
           4           5  0.947187032483550     
           5           6   1.53880819334019     
           5           7   1.39775895840147     
           6           7  0.191537507753154     
           1           8  0.907272260535123     
           1           9  0.830776350650816     
           2          10  0.961597066612590     
           2          11  0.963537155778177     
           3          12  0.972667289317258     
           3          13  0.971774368604360     
           4          14  0.952700586606847     
           4          15  0.977006169828975     
           1          16  0.812923181224861     
          17          18  0.869467100167613     
          17          19  0.868550307129666     
          20          21  0.868666851773821     
          20          22  0.869948729807470     
          23          24  0.873378591568141     
          23          25  0.876338168441573     
          26          27  0.871010629861785     
          26          28  0.848541196422781     
          29          30  0.863372278368891     
          29          31  0.838200607826077     
          32          33  0.868685501775036     
          32          34  0.871876593839089     
          35          36  0.880228549731952     
          35          37  0.863485062581319     
