   -0.18059688
   -0.02989267
   -0.07347671
   -0.10331977
    0.36468586
   -0.62821748
   -0.64986755
    0.29032035
    0.31689314
    0.10542215
    0.09389797
    0.04880721
    0.07878575
    0.05678106
    0.02898378
    0.30496385
   -0.65877883
    0.33511801
    0.36300406
   -0.66448111
    0.33625776
    0.33320707
   -0.66912496
    0.31022836
    0.34479846
   -0.68344092
    0.33945809
    0.32611823
   -0.67235627
    0.34849436
    0.31420164
   -0.69711237
    0.33516109
    0.34801199
   -0.67911871
    0.31792373
    0.34826029
