           1           2  0.979426998307317     
           2           3   1.00789378432346     
           3           4  0.991126140823335     
           4           5  0.944157180091644     
           5           6   1.55546851668422     
           5           7   1.38062252788628     
           6           7  0.194172276550158     
           1           8  0.901066716564803     
           1           9  0.788067734522140     
           2          10  0.966102513499735     
           2          11  0.969675147104697     
           3          12  0.976711604373310     
           3          13  0.961341093715081     
           4          14  0.967966901026311     
           4          15  0.979901322967613     
           1          16  0.894024802378409     
          17          18  0.837781434110262     
          17          19  0.863238932821003     
          20          21  0.849928598335001     
          20          22  0.850890498978469     
          23          24  0.856898508232541     
          23          25  0.801525469686320     
          26          27  0.836698728430644     
          26          28  0.858084039048529     
          29          30  0.874896812489892     
          29          31  0.848128235405738     
          32          33  0.832921366122552     
          32          34  0.874228603258098     
          35          36  0.848003215447365     
          35          37  0.875869258635953     
