    0.10822417
   -0.02882148
    0.29983669
    0.11615046
   -0.18322971
    0.07822149
   -0.12010968
   -0.62012403
    0.36413458
    0.30131582
   -0.63862333
    0.29530025
    0.06203605
   -0.69015623
    0.31793769
    0.35197987
   -0.66965715
    0.32890623
    0.32212609
   -0.65336518
    0.34049919
    0.31939533
   -0.69655781
    0.33557319
    0.34849968
   -0.70345876
    0.35966787
    0.36508583
   -0.68755090
    0.35042199
    0.33217098
   -0.66877599
    0.32715015
    0.33579662
