           1           2  0.958147171537762     
           2           4  0.959876338739660     
           2           5  0.966444638747066     
           3           5  0.898313127546068     
           2           7   1.00416161935592     
           6           7  0.967833036188456     
           7           9  0.943504137690403     
           8           9   1.46460509455644     
           5          10  0.807800781741096     
           8          11  0.196373667651463     
           9          11   1.47576726867322     
           5          12  0.900046974857097     
           7          13  0.961050109645244     
          14          15  0.860078484798108     
          14          16  0.873931691012373     
          17          18  0.861294415771975     
          17          19  0.882316078196311     
          20          21  0.863331562062317     
          20          22  0.840729332006313     
          23          24  0.852536138989978     
          23          25  0.875628131261062     
          26          27  0.869005349463325     
          26          28  0.864896308187799     
          29          30  0.873264337250838     
          29          31  0.844611360673148     
          32          33  0.851798077043993     
          32          34  0.870693226671680     
