   -0.19526016
   -0.01578284
   -0.07503288
   -0.10567886
    0.36197326
   -0.66454823
   -0.64418039
    0.28810557
    0.29866736
    0.10963078
    0.05421438
    0.05282312
    0.08405975
    0.04443475
    0.01852630
    0.26646318
   -0.67520233
    0.34461076
    0.35470191
   -0.68952609
    0.36279963
    0.35355572
   -0.67979524
    0.36111091
    0.36585199
   -0.68943661
    0.34145013
    0.33484192
   -0.66416017
    0.32559638
    0.33393655
   -0.69070561
    0.35737466
    0.35417253
   -0.65885060
    0.33755898
    0.34169949
