           1           2  0.983374148772882     
           2           3   1.00962654100922     
           3           4  0.992765863102708     
           4           5  0.936092219115985     
           5           6   1.51113293072976     
           5           7   1.45080517167565     
           6           7  0.205824000610306     
           1           8  0.843240218541730     
           1           9  0.806317335181126     
           2          10  0.961980217518450     
           2          11  0.975678742382451     
           3          12  0.973908239092588     
           3          13  0.966422708824815     
           4          14  0.972323976321159     
           4          15  0.979946109415737     
           1          16  0.856337786440243     
          17          18  0.848058526675375     
          17          19  0.872180927736397     
          20          21  0.865678548494976     
          20          22  0.872077237762286     
          23          24  0.866065055144253     
          23          25  0.863682149384145     
          26          27  0.878544764929946     
          26          28  0.829432703016513     
          29          30  0.863615291409784     
          29          31  0.852098188473134     
          32          33  0.869431135666507     
          32          34  0.872601073905293     
          35          36  0.849076902984938     
          35          37  0.847754758204699     
