    0.10849172
   -0.02365158
    0.30814353
    0.09992833
   -0.19088179
    0.07371780
   -0.11788837
   -0.60603842
    0.36697765
    0.28702156
   -0.64677747
    0.27949672
    0.05863675
   -0.68615630
    0.32761483
    0.35048005
   -0.67617597
    0.33498535
    0.31945007
   -0.68490805
    0.31856429
    0.35279328
   -0.66825214
    0.35832642
    0.31903886
   -0.68220868
    0.33643926
    0.35726622
   -0.67401431
    0.33488272
    0.33013899
   -0.66615346
    0.35787296
    0.34283919
