           1           2  0.957144727010710     
           2           4  0.967957169365106     
           2           5  0.977040150701068     
           3           5  0.799084565909106     
           2           7   1.00493716789680     
           6           7  0.969303747534589     
           7           9  0.947125354964709     
           8           9   1.50488266840728     
           5          10  0.840188814677428     
           8          11  0.190536557132835     
           9          11   1.42856510639910     
           5          12  0.908446650383791     
           7          13  0.958026976389774     
          14          15  0.832333454268785     
          14          16  0.873751515805393     
          17          18  0.834772115880573     
          17          19  0.864508973684206     
          20          21  0.839302953252638     
          20          22  0.872335275240461     
          23          24  0.865530202919224     
          23          25  0.848412289869190     
          26          27  0.846411448938500     
          26          28  0.869277496742878     
          29          30  0.852490466767887     
          29          31  0.848630599772855     
          32          33  0.868560107520000     
          32          34  0.829162328294339     
