    0.09200570
   -0.01938608
    0.31297484
    0.09055909
   -0.18210040
    0.03835205
   -0.11495173
   -0.62686274
    0.36267212
    0.28935471
   -0.66015347
    0.28153023
    0.05476376
   -0.67466886
    0.33678986
    0.33990665
   -0.67228358
    0.34883499
    0.32650800
   -0.68866380
    0.35178497
    0.34437544
   -0.64750027
    0.34289306
    0.34728095
   -0.67864141
    0.34544832
    0.34263795
   -0.69211356
    0.34028931
    0.34574778
   -0.68812236
    0.36171560
    0.34902289
