           1           2  0.966422425740897     
           2           4  0.969125688527352     
           2           5  0.990209475492295     
           3           5  0.802447178386511     
           2           7   1.00780115583655     
           6           7  0.975915315060465     
           7           9  0.930244586561117     
           8           9   1.44714536947270     
           5          10  0.838567941949433     
           8          11  0.205739672814924     
           9          11   1.51965292339113     
           5          12  0.873275930329921     
           7          13  0.959773496710878     
          14          15  0.882397208035061     
          14          16  0.843278899706894     
          17          18  0.833616527837247     
          17          19  0.872108565517054     
          20          21  0.873951789487413     
          20          22  0.841029338179527     
          23          24  0.846304315321287     
          23          25  0.824542809268955     
          26          27  0.821490316137100     
          26          28  0.875568756371830     
          29          30  0.844470081728241     
          29          31  0.876543804405327     
          32          33  0.815865160625497     
          32          34  0.873528972815542     
