           1           2  0.977263847734772     
           2           3   1.01106205332680     
           3           4   1.00894569832394     
           4           5  0.956318068517023     
           5           6   1.44060838265935     
           5           7   1.46686617299781     
           6           7  0.181105619503651     
           1           8  0.807500701124129     
           1           9  0.909546311671462     
           2          10  0.971304364616261     
           2          11  0.962224708455405     
           3          12  0.972727578055961     
           3          13  0.972026112065078     
           4          14  0.953251293079842     
           4          15  0.959833432151353     
           1          16  0.820879235570181     
          17          18  0.863374483889485     
          17          19  0.869651909571755     
          20          21  0.847884706964873     
          20          22  0.877904060713221     
          23          24  0.835556994611808     
          23          25  0.840813893515401     
          26          27  0.857974003663554     
          26          28  0.873635645931773     
          29          30  0.864227338863963     
          29          31  0.864301979106092     
          32          33  0.872610192034782     
          32          34  0.836539690556532     
          35          36  0.854803228977319     
          35          37  0.874763008609609     
