   -0.17004483
   -0.02916220
   -0.07459311
   -0.10492020
    0.36347245
   -0.62283543
   -0.66699894
    0.29161704
    0.30036693
    0.11464351
    0.08199394
    0.05453440
    0.06440526
    0.05916486
    0.03690267
    0.31704899
   -0.67405231
    0.36124202
    0.37179347
   -0.68208149
    0.35544453
    0.32407843
   -0.65394205
    0.34145438
    0.30949492
   -0.70047287
    0.33836272
    0.35507556
   -0.70176485
    0.32875118
    0.34726190
   -0.67944443
    0.31355256
    0.34530697
   -0.67853534
    0.32579246
    0.33708690
