           1           2  0.976947227136769     
           2           3   1.01039852231422     
           3           4   1.00575069927356     
           4           5  0.941568882216147     
           5           6   1.54454703205129     
           5           7   1.39745070265954     
           6           7  0.194093544114776     
           1           8  0.900508124654341     
           1           9  0.895706098775351     
           2          10  0.957954531075074     
           2          11  0.970412137172393     
           3          12  0.973484529496594     
           3          13  0.973137247669704     
           4          14  0.969470409169391     
           4          15  0.958001639880897     
           1          16  0.807533348306627     
          17          18  0.866226469028547     
          17          19  0.857533337036331     
          20          21  0.871731109497951     
          20          22  0.837979223372433     
          23          24  0.824611094769828     
          23          25  0.859862814999507     
          26          27  0.819218790785740     
          26          28  0.870420657508540     
          29          30  0.855672047307254     
          29          31  0.879208973799736     
          32          33  0.830991498538061     
          32          34  0.877830913704870     
          35          36  0.850267082355205     
          35          37  0.839304695182454     
