   -0.11838404
    0.36457235
   -0.65888116
   -0.65559464
   -0.01745465
   -0.17712373
    0.07212220
    0.05443524
    0.07483496
    0.09896528
    0.30389431
    0.30603089
    0.29004910
   -0.71065513
    0.35959981
    0.35105710
   -0.71959635
    0.36115107
    0.35844522
   -0.68273501
    0.34928195
    0.35118224
   -0.68895985
    0.31125863
    0.34173885
   -0.66447315
    0.34948744
    0.34905262
   -0.68153673
    0.34587125
    0.35117979
   -0.67803349
    0.35698163
    0.35223600
