           1           2  0.928237515682408     
           2           3   1.50891979952603     
           2           4   1.45587834440853     
           3           4  0.205657123033547     
           1           5   1.01164211552380     
           5           6  0.983418895663780     
           1           7  0.955658738427266     
           1           8  0.976293176098212     
           5           9  0.972666999158880     
           5          10  0.960706659344386     
           6          11  0.828543059847568     
           6          12  0.822943779614049     
           6          13  0.902113733686261     
          14          15  0.870585399971287     
          14          16  0.876659746698333     
          17          18  0.869417845326037     
          17          19  0.871368264573403     
          20          21  0.848161725116726     
          20          22  0.872356626651268     
          23          24  0.848836641906980     
          23          25  0.881481543673549     
          26          27  0.825377507652081     
          26          28  0.869428710442012     
          29          30  0.848870650726834     
          29          31  0.870974473002071     
          32          33  0.819283010489104     
          32          34  0.867481441344394     
