    0.07445039
   -0.02175717
    0.29049837
    0.11448279
   -0.17689855
    0.04498068
   -0.11632811
   -0.63178637
    0.36261390
    0.28874133
   -0.65419127
    0.30479870
    0.06560066
   -0.70135179
    0.35465607
    0.36741606
   -0.65490139
    0.34564154
    0.34664470
   -0.70276470
    0.34384540
    0.35002213
   -0.66069010
    0.33080103
    0.32366623
   -0.68939044
    0.33601656
    0.33964435
   -0.68568495
    0.34438820
    0.36161458
   -0.67813675
    0.34676911
    0.33658881
