           1           2  0.973129565089273     
           2           4  0.956871908304006     
           2           5  0.981864942898911     
           3           5  0.902725898576730     
           2           7   1.01027435669011     
           6           7  0.974333728643256     
           7           9  0.932666077332155     
           8           9   1.43624950161500     
           5          10  0.838678047660311     
           8          11  0.204850357674220     
           9          11   1.52624964967594     
           5          12  0.814076030975437     
           7          13  0.957871597969559     
          14          15  0.872052870683444     
          14          16  0.862232063038095     
          17          18  0.874151484426281     
          17          19  0.813282544785069     
          20          21  0.840760848981337     
          20          22  0.874044777033704     
          23          24  0.856248087962659     
          23          25  0.865267433944828     
          26          27  0.858177560868946     
          26          28  0.848888946804637     
          29          30  0.842661346604646     
          29          31  0.865554788884738     
          32          33  0.876756482902384     
          32          34  0.855497444446017     
