    0.07443934
   -0.01312587
    0.30045675
    0.10212137
   -0.19482236
    0.05897634
   -0.11985496
   -0.62459586
    0.36434954
    0.27386976
   -0.65443202
    0.29480958
    0.06891721
   -0.67719465
    0.34704769
    0.35936146
   -0.69758219
    0.30796332
    0.34588144
   -0.69931408
    0.36148677
    0.35963715
   -0.67945501
    0.33671142
    0.35173942
   -0.67453004
    0.35673178
    0.33975083
   -0.70117929
    0.32862755
    0.35074178
   -0.67303859
    0.36483754
    0.36066690
