   -0.18549388
   -0.05683551
   -0.09751971
   -0.12549733
    0.36387897
   -0.64645806
   -0.63210177
    0.31382892
    0.28496479
    0.14277242
    0.11092037
    0.10013452
    0.07268858
    0.07778972
    0.07999095
    0.26010100
   -0.69157631
    0.32809238
    0.33378053
   -0.69590330
    0.35395642
    0.33498543
   -0.69255620
    0.34779259
    0.32846009
   -0.68969242
    0.31962263
    0.35955552
   -0.70583370
    0.34081356
    0.35584260
   -0.69605040
    0.34273166
    0.33734223
   -0.67142469
    0.33461182
    0.37314096
   -0.66843172
    0.33627411
    0.33068485
   -0.69134652
    0.35433386
    0.33974890
   -0.67733488
    0.33122250
    0.35379384
   -0.70035731
    0.32479342
    0.36272977
   -0.68536960
    0.33482544
    0.32842681
   -0.64936861
    0.34476182
    0.32578892
   -0.68489066
    0.34674799
    0.30705442
   -0.67094921
    0.34598942
    0.32596901
   -0.67017681
    0.32552827
    0.33030742
   -0.67633795
    0.34235334
    0.34501248
   -0.67697612
    0.35046101
    0.34853504
   -0.66324056
    0.35553316
    0.33685370
   -0.66349506
    0.32687388
    0.35896021
   -0.64740898
    0.32213942
    0.34128626
   -0.70985599
    0.33814770
    0.35584676
   -0.66488798
    0.33065789
    0.34488104
   -0.67503445
    0.35575896
    0.34155688
   -0.68410901
    0.33199476
    0.34257731
   -0.70542923
    0.33904956
    0.35366195
   -0.66665804
    0.33405909
    0.34143192
   -0.67032911
    0.34955326
    0.33455483
   -0.68148228
    0.33455604
    0.32273652
   -0.71157379
    0.35286584
    0.32598573
   -0.67016447
    0.33503679
    0.35711361
   -0.70626545
    0.35228014
    0.32251973
   -0.68265022
    0.35186040
    0.33318032
   -0.70619835
    0.34280519
    0.34756368
   -0.64316852
    0.33945127
    0.33821566
   -0.68705970
    0.33649962
    0.33641339
   -0.68009294
    0.34455987
    0.33866690
   -0.68834964
    0.32968032
    0.32164831
   -0.68341599
    0.34595049
    0.36698535
   -0.69034121
    0.33384142
    0.36479292
   -0.68470214
    0.33846184
    0.33878404
   -0.68294182
    0.35622168
    0.32669534
   -0.67361891
    0.33181752
    0.33422917
   -0.68547436
    0.33758828
    0.32790198
   -0.70452428
    0.34715126
    0.33160732
   -0.64171590
    0.33013171
    0.33853152
   -0.70465152
    0.33984247
    0.34902767
   -0.65466131
    0.35073295
    0.33591685
   -0.69435923
    0.37094704
    0.33336442
   -0.68341705
    0.33867129
    0.32840648
