           1           2  0.973049609419947     
           2           3   1.01394885113433     
           3           4  0.992610108149992     
           4           5  0.987022116601576     
           5           6   1.40871999815657     
           5           7   1.42577192881027     
           6           7  0.167322238606858     
           1           8  0.818169123118743     
           1           9  0.848059258718974     
           2          10  0.946905586900479     
           2          11  0.958739399869048     
           3          12  0.955856904691692     
           3          13  0.962630409350762     
           4          14  0.963066991362055     
           4          15  0.920712822825593     
           1          16  0.880211891061494     
          17          18  0.847566150760044     
          17          19  0.825829180816707     
          20          21  0.792426711947200     
          20          22  0.879995360117101     
          23          24  0.786196713665895     
          23          25  0.888217109200733     
          26          27  0.873373034630994     
          26          28  0.790042758955516     
          29          30  0.836872801789256     
          29          31  0.870393418637678     
          32          33  0.844899610768703     
          32          34  0.831287930178682     
          35          36  0.877017343108962     
          35          37  0.804234386319731     
          38          39  0.841247432917434     
          38          40  0.855658202893684     
          41          42  0.792306725242364     
          41          43  0.875891598550349     
          44          45  0.856210505968935     
          44          46  0.842513482490022     
          47          48  0.881410822276817     
          47          49  0.802111107173544     
          50          51  0.848333029369453     
          50          52  0.830134373867941     
          53          54  0.824383172038796     
          53          55  0.855541351194906     
          56          57  0.803737863530436     
          56          58  0.875815705549353     
          59          60  0.814856560117825     
          59          61  0.836278664684362     
          62          63  0.845591861745085     
          62          64  0.872017189396170     
          65          66  0.836405874383131     
          65          67  0.840209618447656     
          68          69  0.818574949990512     
          68          70  0.872542075514640     
          71          72  0.811162922085659     
          71          73  0.858451258730625     
          74          75  0.830194089098969     
          74          76  0.809526960027584     
          77          78  0.851816195385666     
          77          79  0.856111909102616     
          80          81  0.883418235351677     
          80          82  0.813995279456745     
          83          84  0.841546614293585     
          83          85  0.831611846910461     
          86          87  0.822652051412588     
          86          88  0.878809289912555     
          89          90  0.869429639023152     
          89          91  0.837443104518427     
          92          93  0.842014279738659     
          92          94  0.802030691764573     
          95          96  0.855559082390421     
          95          97  0.827116081517206     
          98          99  0.844982843813158     
          98         100  0.838872353765157     
         101         102  0.842076262496542     
         101         103  0.843974171420414     
         104         105  0.812778513027860     
         104         106  0.852526196065574     
         107         108  0.883560789893189     
         107         109  0.801205551552148     
         110         111  0.817921654129604     
         110         112  0.860689430681164     
         113         114  0.839177362270256     
         113         115  0.850092227679650     
         116         117  0.834469717882184     
         116         118  0.821272239942550     
         119         120  0.832198345465683     
         119         121  0.882233808485935     
         122         123  0.814306507673903     
         122         124  0.834558382208241     
         125         126  0.827071608532307     
         125         127  0.879146340180247     
         128         129  0.833160713845230     
         128         130  0.850899385856399     
         131         132  0.812261414583043     
         131         133  0.784804774442152     
         134         135  0.844842457053452     
         134         136  0.808553016392635     
         137         138  0.845040959538040     
         137         139  0.843285168486981     
         140         141  0.818436047500007     
         140         142  0.877342671959203     
         143         144  0.828291597308407     
         143         145  0.880495777347005     
         146         147  0.840007196143690     
         146         148  0.851892595812794     
         149         150  0.818850214371534     
         149         151  0.851205025214097     
         152         153  0.839603157917270     
         152         154  0.861867294974789     
         155         156  0.881662351538891     
         155         157  0.813443135328867     
         158         159  0.817228548964844     
         158         160  0.839478921661963     
         161         162  0.768959592154201     
         161         163  0.857355521251355     
         164         165  0.816128112209564     
         164         166  0.842914919838901     
