           1           2  0.985252816195637     
           2           3   1.01109223513362     
           3           4   1.00727843055607     
           4           5  0.963329043849808     
           5           6   1.47393924099879     
           5           7   1.41777462945693     
           6           7  0.179133428484983     
           1           8  0.819659427673792     
           1           9  0.850213914903947     
           2          10  0.969219889415886     
           2          11  0.969757231563672     
           3          12  0.974888650604119     
           3          13  0.963059903224748     
           4          14  0.939862292279176     
           4          15  0.961488770618802     
           1          16  0.853209404683632     
          17          18  0.872840235413407     
          17          19  0.827341984544417     
          20          21  0.845893116585501     
          20          22  0.860640041300686     
          23          24  0.836673062228374     
          23          25  0.841943761743456     
          26          27  0.832575704431678     
          26          28  0.869076410463813     
          29          30  0.866876203457803     
          29          31  0.844675438741528     
          32          33  0.820512011863150     
          32          34  0.874302144394311     
          35          36  0.834548169293105     
          35          37  0.868558493868801     
          38          39  0.843390760884334     
          38          40  0.873614590237857     
          41          42  0.866429117910286     
          41          43  0.877395631318583     
          44          45  0.837293944581250     
          44          46  0.873070304423745     
