   -0.18357268
   -0.02562289
   -0.06920762
   -0.10284715
    0.36207887
   -0.63874101
   -0.67408882
    0.28178633
    0.29122715
    0.09239478
    0.09555323
    0.05212081
    0.05271549
    0.04227577
    0.04135730
    0.30255258
   -0.68918432
    0.35217728
    0.36201850
   -0.67956658
    0.34736102
    0.36714357
   -0.69390350
    0.34932348
    0.32168663
   -0.66274592
    0.34754562
    0.33716474
   -0.68700210
    0.30763752
    0.34719719
   -0.66756473
    0.33778515
    0.36084368
   -0.68436826
    0.35478178
    0.35168716
