           1           2  0.984759302072185     
           2           3   1.00943261858073     
           3           4   1.00903018391748     
           4           5  0.939008417383750     
           5           6   1.52465101573051     
           5           7   1.42807326580978     
           6           7  0.200823567438372     
           1           8  0.858461530859070     
           1           9  0.840804137856214     
           2          10  0.968612610637334     
           2          11  0.965355086213118     
           3          12  0.973633778598701     
           3          13  0.973955317009764     
           4          14  0.961659260839513     
           4          15  0.966657420025359     
           1          16  0.829139778979668     
          17          18  0.872541497275211     
          17          19  0.866591122432299     
          20          21  0.876599011233537     
          20          22  0.862054603211307     
          23          24  0.877822626002001     
          23          25  0.863922550482593     
          26          27  0.874819869624839     
          26          28  0.850638217565690     
          29          30  0.829332219726670     
          29          31  0.875803832785398     
          32          33  0.856152196313460     
          32          34  0.866753015305631     
          35          36  0.870394668596540     
          35          37  0.873320675741188     
