    0.08411804
   -0.02031451
    0.31365953
    0.10918864
   -0.18759246
    0.06597675
   -0.11811217
   -0.62158613
    0.36453437
    0.28740982
   -0.65440706
    0.27747636
    0.06030443
   -0.69486610
    0.34906880
    0.30584721
   -0.68199352
    0.33884231
    0.33376769
   -0.68992707
    0.34938074
    0.35801357
   -0.68298942
    0.34469670
    0.35717647
   -0.71793503
    0.35599830
    0.36193677
   -0.70628268
    0.35607722
    0.35263739
   -0.64872764
    0.35356293
    0.34505974
