           1           2  0.971282539072924     
           2           4  0.963631051677582     
           2           5  0.979690814810278     
           3           5  0.793025701373306     
           2           7   1.01390073045585     
           6           7  0.961928695568575     
           7           9  0.939687266633759     
           8           9   1.47534350021231     
           5          10  0.843052041447099     
           8          11  0.198391795468510     
           9          11   1.47574148435275     
           5          12  0.908982298375248     
           7          13  0.956637455594578     
          14          15  0.877906139152054     
          14          16  0.851771772716356     
          17          18  0.883859093518598     
          17          19  0.865631630637334     
          20          21  0.866941829423548     
          20          22  0.868609805948655     
          23          24  0.844211558861979     
          23          25  0.867069224145594     
          26          27  0.873130104622555     
          26          28  0.868866446761122     
          29          30  0.872687051056967     
          29          31  0.875001097363698     
          32          33  0.828419871486977     
          32          34  0.876928844647130     
