   -0.18571529
   -0.02810236
   -0.07509064
   -0.10737703
    0.36328329
   -0.67117423
   -0.62326574
    0.29070012
    0.27396598
    0.09257885
    0.11471407
    0.07486935
    0.03998263
    0.07044552
    0.02960505
    0.28302669
   -0.65676502
    0.31723509
    0.36010583
   -0.67648873
    0.33131152
    0.34968189
   -0.69150778
    0.34793240
    0.33956692
   -0.68262520
    0.33331617
    0.35305586
   -0.68526098
    0.35948514
    0.36706517
   -0.68821538
    0.34437593
    0.34656393
   -0.67865437
    0.35758600
    0.30978934
