           1           2  0.969643113974568     
           2           3   1.01399505616262     
           3           4   1.00821410125355     
           4           5  0.944930221113044     
           5           6   1.45236397571925     
           5           7   1.47902693750554     
           6           7  0.191181063130040     
           1           8  0.849749761019719     
           1           9  0.849334058342010     
           2          10  0.971398881061409     
           2          11  0.959293227258041     
           3          12  0.965199832878480     
           3          13  0.974335234199558     
           4          14  0.954246307104415     
           4          15  0.968216584701332     
           1          16  0.847938536832366     
          17          18  0.862022529786420     
          17          19  0.867427987107234     
          20          21  0.839402871452372     
          20          22  0.871726005407745     
          23          24  0.873809541071752     
          23          25  0.830152557528925     
          26          27  0.843593786881347     
          26          28  0.871787466899374     
          29          30  0.867811244169572     
          29          31  0.862471498894995     
          32          33  0.830116445480539     
          32          34  0.876607344316219     
          35          36  0.867053305191401     
          35          37  0.852304358571339     
