   -0.11841923
    0.36426625
   -0.66436157
   -0.64284521
   -0.01227043
   -0.17987729
    0.06526626
    0.06270903
    0.07856645
    0.08333265
    0.29155016
    0.28867181
    0.30076694
   -0.70008842
    0.33014044
    0.35028244
   -0.69986213
    0.36206097
    0.36482495
   -0.66495215
    0.33975145
    0.35091121
   -0.67275431
    0.35732620
    0.35244593
   -0.69693378
    0.30725373
    0.34286909
   -0.68480089
    0.36361444
    0.36088955
   -0.70146836
    0.35923087
    0.36190294
