           1           2  0.932047337630953     
           2           3   1.44333469184663     
           2           4   1.51962095801907     
           3           4  0.204191710375022     
           1           5   1.01458202160261     
           5           6  0.986771287460096     
           1           7  0.956978128714355     
           1           8  0.966767097243591     
           5           9  0.971639882620625     
           5          10  0.969241911787405     
           6          11  0.851454467140860     
           6          12  0.849025991028199     
           6          13  0.826217803765319     
          14          15  0.863407955875039     
          14          16  0.877092079912958     
          17          18  0.866380006467782     
          17          19  0.864017318274152     
          20          21  0.843959025564674     
          20          22  0.872867669402476     
          23          24  0.868731032241846     
          23          25  0.872924949467276     
          26          27  0.842167776098552     
          26          28  0.881835523820568     
          29          30  0.864412533912359     
          29          31  0.867034007462207     
          32          33  0.869091485313979     
          32          34  0.867253518315682     
