   -0.17727872
   -0.02034336
   -0.07458036
   -0.10745376
    0.36590060
   -0.63532308
   -0.63140413
    0.30333058
    0.29534241
    0.09921013
    0.06397414
    0.05405996
    0.07998796
    0.06051560
    0.03164251
    0.27492420
   -0.68289118
    0.34657922
    0.35531850
   -0.70354894
    0.34775143
    0.35903395
   -0.69233783
    0.34524038
    0.30768557
   -0.66357616
    0.33873019
    0.35210432
   -0.68100692
    0.32018816
    0.35607056
   -0.70395757
    0.34390490
    0.34050935
   -0.67124905
    0.34836378
    0.35458266
