           1           2  0.985517736292303     
           2           3   1.00885467969833     
           3           4  0.988895159364205     
           4           5  0.947601048225672     
           5           6   1.50596166798962     
           5           7   1.42754064385992     
           6           7  0.192123129277608     
           1           8  0.809806011574867     
           1           9  0.862519398597781     
           2          10  0.968709660600087     
           2          11  0.973713973772560     
           3          12  0.973216236551849     
           3          13  0.967604256046711     
           4          14  0.971985603857178     
           4          15  0.974153458715501     
           1          16  0.860611409219887     
          17          18  0.829847504505730     
          17          19  0.866788903192541     
          20          21  0.878504261718827     
          20          22  0.870246953267076     
          23          24  0.880074411025770     
          23          25  0.850907046592909     
          26          27  0.837869799098856     
          26          28  0.869155287530686     
          29          30  0.842411007241619     
          29          31  0.868370240316399     
          32          33  0.879421267308288     
          32          34  0.855602338895017     
          35          36  0.827942537538909     
          35          37  0.870648766690979     
