   -0.18177058
   -0.03945028
   -0.06625842
   -0.10775880
    0.36104415
   -0.64626728
   -0.67906830
    0.29525520
    0.27333288
    0.10292609
    0.11902410
    0.05056615
    0.03784141
    0.04914501
    0.05767581
    0.31712498
   -0.65470802
    0.34387820
    0.37060618
   -0.68790143
    0.34307816
    0.34525404
   -0.66263868
    0.31651425
    0.33569691
   -0.68674391
    0.34527047
    0.30733945
   -0.66552121
    0.35283741
    0.35238933
   -0.69151585
    0.33483448
    0.32373645
   -0.67135850
    0.34984009
    0.35575006
