           1           2  0.980676887802165     
           2           3   1.00885907594068     
           3           4   1.00853888912204     
           4           5  0.944309573081845     
           5           6   1.51836511872652     
           5           7   1.42644828404938     
           6           7  0.199348161633653     
           1           8  0.850398750313404     
           1           9  0.910628975889034     
           2          10  0.962852558888939     
           2          11  0.956499171410829     
           3          12  0.973784057408034     
           3          13  0.976260293446070     
           4          14  0.960045924632465     
           4          15  0.959252542068330     
           1          16  0.793843359641649     
          17          18  0.878454185554904     
          17          19  0.858174138883786     
          20          21  0.878624410094078     
          20          22  0.837883992116106     
          23          24  0.868675004291847     
          23          25  0.848973669684529     
          26          27  0.877109782081027     
          26          28  0.831783312821050     
          29          30  0.872839391131894     
          29          31  0.832013084150990     
          32          33  0.885361146883547     
          32          34  0.844732958627708     
          35          36  0.841777646011348     
          35          37  0.868991075372182     
