   -0.16725952
   -0.03682091
   -0.06750966
   -0.10894360
    0.36189970
   -0.64564996
   -0.67568942
    0.29100549
    0.28995991
    0.10506453
    0.11833979
    0.04727973
    0.04567316
    0.06231125
    0.04447231
    0.31811461
   -0.70010955
    0.35542391
    0.36737675
   -0.68924483
    0.33738247
    0.32775846
   -0.68096851
    0.32750528
    0.35117383
   -0.68595496
    0.31017039
    0.35111367
   -0.71601596
    0.35894752
    0.35706853
   -0.66972977
    0.36596556
    0.36602270
   -0.65959731
    0.32911380
    0.31435063
