           1           2  0.975445272100063     
           2           3   1.00976198634848     
           3           4   1.00839590918830     
           4           5  0.941795139020882     
           5           6   1.51963700774066     
           5           7   1.42843393038346     
           6           7  0.199959019883972     
           1           8  0.900650751955410     
           1           9  0.901045138407727     
           2          10  0.965986998159943     
           2          11  0.957287307701630     
           3          12  0.975034790062076     
           3          13  0.974761615975227     
           4          14  0.958815101936279     
           4          15  0.961091223747589     
           1          16  0.803023119676106     
          17          18  0.872087441946873     
          17          19  0.862726080038074     
          20          21  0.883526712809826     
          20          22  0.852291616715534     
          23          24  0.848308977925488     
          23          25  0.873003528854484     
          26          27  0.833610637465361     
          26          28  0.872478287268918     
          29          30  0.870978882508158     
          29          31  0.872324232216813     
          32          33  0.863088859140091     
          32          34  0.863010773164090     
          35          36  0.855090352160531     
          35          37  0.859514197116666     
