    0.07648690
   -0.01640329
    0.29095778
    0.10050929
   -0.18734015
    0.07019205
   -0.12240896
   -0.62054297
    0.36492689
    0.28004829
   -0.64258835
    0.29577241
    0.08737071
   -0.67074246
    0.32925997
    0.31912677
   -0.68404492
    0.32118788
    0.35680982
   -0.68656628
    0.32969406
    0.34588103
   -0.69773558
    0.35672896
    0.36636854
   -0.69439911
    0.32138941
    0.33459171
   -0.68354597
    0.36014640
    0.36838799
   -0.66875053
    0.36538487
    0.33384683
