           1           2  0.972658862615238     
           2           4  0.968391847022405     
           2           5  0.981712937947990     
           3           5  0.843247611229432     
           2           7   1.01215656253605     
           6           7  0.962612585077888     
           7           9  0.948494220495576     
           8           9   1.45251219551671     
           5          10  0.858048533791365     
           8          11  0.197093210690137     
           9          11   1.48695464751333     
           5          12  0.827623888697923     
           7          13  0.945250953807957     
          14          15  0.855512328110833     
          14          16  0.840313871289747     
          17          18  0.847470391753537     
          17          19  0.868000025061450     
          20          21  0.830599511033690     
          20          22  0.876371136086416     
          23          24  0.870603478426895     
          23          25  0.863577161241990     
          26          27  0.844555606916298     
          26          28  0.887655449370871     
          29          30  0.867684368333146     
          29          31  0.861476051807870     
          32          33  0.862621623998597     
          32          34  0.852641141694546     
