   -0.12251960
    0.36765970
   -0.64482506
   -0.62646819
   -0.02322138
   -0.18325242
    0.09281602
    0.08178180
    0.09352319
    0.10171338
    0.28686393
    0.29466987
    0.29477938
   -0.69666777
    0.31495522
    0.33722919
   -0.66261568
    0.34711084
    0.32098111
   -0.68442661
    0.35026216
    0.32412793
   -0.66576692
    0.34716538
    0.31875644
   -0.66463729
    0.34649983
    0.31890958
   -0.68894577
    0.35189624
    0.31160176
    0.31121233
   -0.67108096
    0.33637657
    0.33729480
   -0.69501279
    0.33744151
    0.35902107
   -0.67924621
    0.36115583
    0.35961629
   -0.66283719
    0.33238977
    0.35750961
   -0.68199381
    0.35819693
