   -0.18973471
   -0.02341827
   -0.06898125
   -0.10003707
    0.36099637
   -0.65777212
   -0.68048325
    0.28270551
    0.28746886
    0.08755483
    0.08466590
    0.05575415
    0.04734337
    0.02263459
    0.02915884
    0.30693777
   -0.67563194
    0.34690155
    0.35135239
   -0.66584684
    0.33208159
    0.37164963
   -0.68540551
    0.35217984
    0.34427505
   -0.67765858
    0.34687401
    0.34754586
   -0.69693164
    0.35185786
    0.35106979
   -0.65773496
    0.34819138
    0.34434685
   -0.67914207
    0.35823944
    0.34699277
