           1           2  0.993250679243745     
           2           3   1.00722984316599     
           3           4   1.00756797972103     
           4           5  0.924011790648785     
           5           6   1.49355332448046     
           5           7   1.48327954732397     
           6           7  0.210117590654558     
           1           8  0.854363859415164     
           1           9  0.843962983137611     
           2          10  0.969892184748668     
           2          11  0.970008402251082     
           3          12  0.969763780060603     
           3          13  0.975910638548844     
           4          14  0.978545130272959     
           4          15  0.962688416040352     
           1          16  0.797157718556214     
          17          18  0.830662017049260     
          17          19  0.870245893069803     
          20          21  0.886471830310661     
          20          22  0.859510750049618     
          23          24  0.871663779102957     
          23          25  0.847710834900798     
          26          27  0.875266224977632     
          26          28  0.839402555383805     
          29          30  0.851595815918708     
          29          31  0.873100831159360     
          32          33  0.835716543242045     
          32          34  0.839744236441846     
          35          36  0.865394080595125     
          35          37  0.843973540693151     
