   -0.12063090
    0.36541371
   -0.65801160
   -0.64177443
   -0.01795253
   -0.17505941
    0.06079984
    0.08130941
    0.09613070
    0.08794937
    0.30831020
    0.29048456
    0.30210393
   -0.68713329
    0.31449869
    0.35291144
   -0.67806549
    0.35196811
    0.32339123
   -0.70071519
    0.36070204
    0.36561408
   -0.67518818
    0.31313291
    0.34869420
   -0.64146554
    0.32783072
    0.33538706
   -0.67013119
    0.35638980
    0.32325820
   -0.68664752
    0.34412154
    0.34237355
