           1           2  0.938561074680444     
           2           3   1.45482523758984     
           2           4   1.49150659705770     
           3           4  0.198082567975005     
           1           5   1.01592364268068     
           5           6  0.982758212362332     
           1           7  0.959840900445991     
           1           8  0.954320217819533     
           5           9  0.964512951780867     
           5          10  0.966392363164639     
           6          11  0.814905889898175     
           6          12  0.879590326231206     
           6          13  0.866117486844750     
          14          15  0.835451771958707     
          14          16  0.870217272598173     
          17          18  0.871826878939187     
          17          19  0.852414363781455     
          20          21  0.867725003931680     
          20          22  0.863772328108424     
          23          24  0.864160956499799     
          23          25  0.874977140732750     
          26          27  0.856082462767498     
          26          28  0.846901069613680     
          29          30  0.869925369222160     
          29          31  0.875427370056641     
          32          33  0.859318449952536     
          32          34  0.877929117565810     
