    0.09348980
   -0.01909614
    0.29498484
    0.09938441
   -0.18258978
    0.06740693
   -0.11804631
   -0.61465415
    0.36556327
    0.28535002
   -0.63879745
    0.28997657
    0.06639527
   -0.69388897
    0.32185319
    0.33620517
   -0.70880069
    0.34776054
    0.33037745
   -0.68640175
    0.31776142
    0.35370192
   -0.68928528
    0.35400156
    0.36506888
   -0.68621973
    0.36062052
    0.36731902
   -0.68454993
    0.36724428
    0.35757166
   -0.66286283
    0.32237111
    0.32078522
