           1           2  0.965104014103136     
           2           4  0.968197368738737     
           2           5  0.980830191094318     
           3           5  0.844808926935707     
           2           7   1.00771647542283     
           6           7  0.968270064693888     
           7           9  0.946495297236607     
           8           9   1.45168818768946     
           5          10  0.846540122273787     
           8          11  0.197488268440364     
           9          11   1.49003028561869     
           5          12  0.848572605216460     
           7          13  0.955480143711508     
          14          15  0.847545210904467     
          14          16  0.886636370689855     
          17          18  0.878896056894065     
          17          19  0.848006525626840     
          20          21  0.841533384873262     
          20          22  0.870728716943257     
          23          24  0.872536958408794     
          23          25  0.865043944384856     
          26          27  0.866769050625920     
          26          28  0.861204853117007     
          29          30  0.861538309820100     
          29          31  0.869212276927321     
          32          33  0.857353224165806     
          32          34  0.858062229144335     
