   -0.16409558
   -0.02303036
   -0.07057025
   -0.10848433
    0.36569005
   -0.64117583
   -0.62621439
    0.29597649
    0.29442779
    0.11340184
    0.06666822
    0.05361403
    0.07237549
    0.05113771
    0.04192677
    0.27229896
   -0.67229121
    0.32137231
    0.34406355
   -0.70045856
    0.35719276
    0.34826028
   -0.69793740
    0.32126927
    0.33591446
   -0.70016907
    0.31580945
    0.35395408
   -0.68005612
    0.36655032
    0.35740182
   -0.66962100
    0.36764535
    0.35451290
   -0.68196593
    0.31415715
    0.35044894
