           1           2  0.980948779319034     
           2           3   1.00996697835011     
           3           4  0.989272006750528     
           4           5  0.949205553349313     
           5           6   1.48452130942841     
           5           7   1.44745917078193     
           6           7  0.195594106338066     
           1           8  0.850410209326718     
           1           9  0.840333759770573     
           2          10  0.959480740762621     
           2          11  0.973868712549758     
           3          12  0.974380741519809     
           3          13  0.972662081684632     
           4          14  0.972823588301969     
           4          15  0.972349160875542     
           1          16  0.867587455895887     
          17          18  0.849199623297697     
          17          19  0.878860440157384     
          20          21  0.871285922937209     
          20          22  0.877894958255209     
          23          24  0.861737771977362     
          23          25  0.860550904656164     
          26          27  0.856248715126125     
          26          28  0.874226048061295     
          29          30  0.862412736214474     
          29          31  0.870120431669223     
          32          33  0.860112210753926     
          32          34  0.870976355700847     
          35          36  0.834850126224950     
          35          37  0.874054970790167     
