   -0.19174795
   -0.02078561
   -0.08101281
   -0.09948701
    0.36208997
   -0.63463512
   -0.63997279
    0.30734631
    0.29291916
    0.07925618
    0.08586340
    0.08300369
    0.06501501
    0.03637619
    0.04095819
    0.28667753
   -0.68022603
    0.36398222
    0.36024421
   -0.66364118
    0.33537484
    0.33711890
   -0.69553328
    0.32840316
    0.35423185
   -0.67356678
    0.31369676
    0.34454584
   -0.66124467
    0.31670746
    0.34435514
   -0.65509604
    0.34137969
    0.33768191
   -0.66746984
    0.32919942
    0.31799206
