           1           2  0.985584159915286     
           2           3   1.00966048343937     
           3           4   1.00774351813523     
           4           5  0.946866645422262     
           5           6   1.38916185978187     
           5           7   1.54134980993895     
           6           7  0.191857755624516     
           1           8  0.783959367436156     
           1           9  0.841151835402180     
           2          10  0.971758548625623     
           2          11  0.966707658148125     
           3          12  0.962833923760342     
           3          13  0.973105217581381     
           4          14  0.970335615664237     
           4          15  0.955558872826813     
           1          16  0.904572936221166     
          17          18  0.863759857125870     
          17          19  0.867812415996544     
          20          21  0.866794985054164     
          20          22  0.872101264822440     
          23          24  0.859835117654731     
          23          25  0.873253163263478     
          26          27  0.834327502302878     
          26          28  0.874825532660184     
          29          30  0.858702997639046     
          29          31  0.877341360482389     
           8          32  0.108611887464778     
          32          33  0.847084103034393     
          32          34  0.835539488484325     
          35          36  0.848352139949248     
          35          37  0.856064994657150     
