   -0.18664502
   -0.02208408
   -0.07936235
   -0.09970200
    0.36386878
   -0.61386495
   -0.64869859
    0.30612755
    0.28300322
    0.09003656
    0.08344320
    0.07626048
    0.05652054
    0.03845886
    0.03772805
    0.29861462
   -0.67813773
    0.35999865
    0.36761054
   -0.68525882
    0.31424934
    0.35334419
   -0.66847244
    0.32434508
    0.33441807
   -0.70242697
    0.32091660
    0.33936873
   -0.67875336
    0.35482259
    0.32597871
   -0.63798549
    0.34214519
    0.32334186
   -0.66810768
    0.32871910
    0.34617898
