           1           2  0.985621622365010     
           2           3   1.00759780076008     
           3           4   1.00879766484570     
           4           5  0.943058688714199     
           5           6   1.45969180161354     
           5           7   1.47669360111269     
           6           7  0.198637187562771     
           1           8  0.800352525333811     
           1           9  0.905374386966279     
           2          10  0.971503364507412     
           2          11  0.970190400210860     
           3          12  0.966083191930573     
           3          13  0.976802854726910     
           4          14  0.971690208399479     
           4          15  0.957600179447253     
           1          16  0.831638040088318     
          17          18  0.866934377931971     
          17          19  0.862300034147367     
          20          21  0.842708923171163     
          20          22  0.870961128684327     
          23          24  0.859225692835899     
          23          25  0.847620971232944     
          26          27  0.871450503812550     
          26          28  0.849951050464052     
          29          30  0.871334006598020     
          29          31  0.835916491177937     
          32          33  0.820098509430795     
          32          34  0.855483178083620     
          35          36  0.836276266441133     
          35          37  0.875409671070030     
