    0.08023740
   -0.01973678
    0.29222707
    0.10342773
   -0.18793530
    0.08333038
   -0.12577455
   -0.61298216
    0.36702160
    0.28983369
   -0.65650842
    0.30658235
    0.09016750
   -0.67256679
    0.32365924
    0.35637200
   -0.69036845
    0.35000323
    0.33381954
   -0.66357164
    0.36188759
    0.33087314
   -0.68537686
    0.30739303
    0.32672014
   -0.69359937
    0.36094846
    0.33519970
   -0.67367653
    0.32380363
    0.35152494
   -0.66650727
    0.35566261
    0.31790913
