           1           2  0.972055306414976     
           2           4  0.968122294776319     
           2           5  0.975381646754785     
           3           5  0.901799503899614     
           2           7   1.01459694335771     
           6           7  0.951856473972095     
           7           9  0.948709576635622     
           8           9   1.50113249989285     
           5          10  0.846480311218761     
           8          11  0.188444447527729     
           9          11   1.42685643337624     
           5          12  0.815163940330801     
           7          13  0.948042159387037     
          14          15  0.852423181108382     
          14          16  0.870088995956254     
          17          18  0.873542638903888     
          17          19  0.833482526151305     
          20          21  0.863480261790173     
          20          22  0.848108502086140     
          23          24  0.871237053588857     
          23          25  0.853612123142331     
          26          27  0.866500102228922     
          26          28  0.836645947627036     
          29          30  0.853864285617895     
          29          31  0.873335479384861     
          32          33  0.866312018596123     
          32          34  0.829506160424658     
