   -0.19277913
   -0.03224806
   -0.07089674
   -0.10771049
    0.36211897
   -0.65683059
   -0.61862720
    0.27488615
    0.28785732
    0.09500191
    0.11585668
    0.05963709
    0.04527558
    0.05789652
    0.02249445
    0.29651929
   -0.69647565
    0.36057666
    0.36714634
   -0.67839122
    0.36089819
    0.36166054
   -0.71785957
    0.35690278
    0.36095679
   -0.70902771
    0.32894013
    0.35783653
   -0.68204447
    0.33214862
    0.31973497
   -0.66055915
    0.35612916
    0.34297536
   -0.71506213
    0.35477081
    0.36029129
