           1           2  0.975927010673388     
           2           3   1.01294481183706     
           3           4   1.00171767153573     
           4           5  0.939400812813649     
           5           6   1.52172648601711     
           5           7   1.43524141033809     
           6           7  0.200949030877934     
           1           8  0.911595538507509     
           1           9  0.794510504935456     
           7           9  0.104746114791292     
           2          10  0.970162527637666     
           2          11  0.953628120180602     
           3          12  0.972436404608248     
           3          13  0.974641315145919     
           4          14  0.957193123867948     
           4          15  0.979565336001962     
           1          16  0.830419465225594     
          17          18  0.867463754545081     
          17          19  0.862365892303184     
          20          21  0.867605282443599     
          20          22  0.867346142884330     
          23          24  0.872471692245609     
          23          25  0.869571157254126     
          26          27  0.860683411138002     
          26          28  0.871806419855738     
          29          30  0.864145270990228     
          29          31  0.866455806007103     
          32          33  0.869171187465276     
          32          34  0.834966863534313     
          35          36  0.874023733809415     
          35          37  0.870092082902018     
