   -0.19478110
   -0.06108760
   -0.10480094
   -0.14354464
    0.36305825
   -0.65210561
   -0.61874524
    0.30528624
    0.30518017
    0.13144355
    0.09652029
    0.06274342
    0.12019007
    0.10529250
    0.08921038
    0.29051939
   -0.70469156
    0.34060099
    0.32293030
   -0.71326853
    0.32400110
    0.36577102
   -0.69171326
    0.35703950
    0.33515975
   -0.64931637
    0.33363790
    0.34284301
   -0.69372022
    0.35252990
    0.33260634
   -0.67245335
    0.36302103
    0.32547865
   -0.68305766
    0.33392954
    0.34348459
   -0.69085837
    0.35735015
    0.31741921
   -0.65373592
    0.32062549
    0.32819254
   -0.69907192
    0.34116849
    0.33975407
   -0.65188187
    0.32843933
    0.32459069
   -0.65845717
    0.34340736
    0.33737815
   -0.68980262
    0.33951475
    0.34875648
   -0.67607190
    0.35163753
    0.33257315
   -0.69763110
    0.36421257
    0.33322633
   -0.68768107
    0.32715297
    0.37636634
   -0.67705372
    0.34443099
    0.33063021
   -0.64977690
    0.34135304
    0.33342538
   -0.66949330
    0.34826989
    0.34500218
   -0.70057406
    0.35349192
    0.33625456
   -0.70309564
    0.34501920
    0.34926094
   -0.68163087
    0.32703569
    0.35715173
   -0.72065445
    0.33514347
    0.37086257
   -0.70687698
    0.34389984
    0.34009119
   -0.70326323
    0.34572544
    0.34599217
   -0.65213102
    0.36254830
    0.34021238
   -0.67466606
    0.34397846
    0.32515022
   -0.68120719
    0.32890222
    0.33814963
   -0.69191641
    0.35865523
    0.32810840
   -0.69701799
    0.34028035
    0.34166213
   -0.71879469
    0.33813642
    0.36228763
   -0.70092466
    0.34489576
    0.34391611
   -0.68427347
    0.34635118
    0.33234826
   -0.71233001
    0.35631834
    0.31870890
   -0.67861690
    0.34129690
    0.35283639
   -0.71165113
    0.34688941
    0.34280132
   -0.68588199
    0.33159007
    0.33253052
   -0.72324188
    0.36320939
    0.33097719
   -0.69769991
    0.33391630
    0.34124994
   -0.66948112
    0.34642196
    0.34567293
   -0.69591627
    0.35347144
    0.33752619
   -0.65799647
    0.32300612
    0.35858279
   -0.68058946
    0.31513878
    0.36776656
   -0.66906689
    0.33695467
    0.31967442
   -0.69306550
    0.34311454
    0.33237331
   -0.72039337
    0.35915322
    0.32458062
   -0.67841215
    0.33783517
    0.34334639
   -0.67212710
    0.35960286
    0.34397966
   -0.72723851
    0.36215318
    0.34151039
   -0.67100621
    0.32895789
    0.36246524
   -0.66795852
    0.33107138
    0.34061491
   -0.66453522
    0.33679009
    0.35863994
   -0.71741299
    0.34230256
    0.33937579
   -0.67208750
    0.32361409
    0.35756025
   -0.71097188
    0.35017818
    0.34268262
   -0.67048189
    0.35171671
    0.33601356
   -0.68507074
    0.36796551
    0.35170187
   -0.70898677
    0.37367959
    0.31695152
   -0.65160111
    0.33382944
    0.35986256
   -0.71110171
    0.34796921
    0.34225279
   -0.69091417
    0.34484287
    0.33966006
   -0.65503599
    0.32239638
    0.36251063
   -0.70436667
    0.34965563
    0.34282771
   -0.69432372
    0.33440457
    0.35486459
   -0.68530010
    0.34848987
    0.34999107
   -0.68685499
    0.36270430
    0.33034257
   -0.66108433
    0.35235141
    0.33059696
   -0.69990769
    0.34106439
    0.33403255
   -0.65051823
    0.34634113
    0.32900208
   -0.68056761
    0.34068829
    0.36655146
   -0.68083832
    0.33069952
    0.34538151
   -0.67640365
    0.35720807
    0.33034401
   -0.69198863
    0.36350903
    0.32506648
   -0.70055487
    0.32114324
    0.36072687
   -0.69449804
    0.34459976
    0.34235712
   -0.70360787
    0.36859628
    0.32612160
   -0.68022349
    0.32590426
    0.33976031
   -0.67781006
    0.33159860
    0.35357896
   -0.70843589
    0.34388112
    0.33804547
   -0.67096339
    0.33704855
    0.36880818
