   -0.11589767
    0.36541436
   -0.64040268
   -0.63425432
   -0.01631466
   -0.17680857
    0.07311362
    0.07142568
    0.09473429
    0.08352112
    0.29381856
    0.29083310
    0.29773910
   -0.69199924
    0.34435443
    0.30654442
   -0.68430505
    0.30760096
    0.35109470
   -0.68732363
    0.33056445
    0.31503245
   -0.68248863
    0.36777889
    0.35818414
   -0.66608235
    0.34920331
    0.33244843
   -0.69789551
    0.36497453
    0.35911443
   -0.68509671
    0.36208287
    0.35929117
