           1           2  0.949025286059691     
           2           3   1.47996697292518     
           2           4   1.45400828399963     
           3           4  0.195071493105451     
           1           5   1.01439608310606     
           5           6  0.986275755801230     
           1           7  0.956454313449816     
           1           8  0.957875618461210     
           5           9  0.965016896577115     
           5          10  0.970073984595207     
           6          11  0.843202148407184     
           6          12  0.852363822299501     
           6          13  0.839825413228439     
          14          15  0.881090598872948     
          14          16  0.850544503842894     
          17          18  0.865527350609725     
          17          19  0.875598966412096     
          20          21  0.889156312979818     
          20          22  0.846332503371388     
          23          24  0.860895223448426     
          23          25  0.868690523107041     
          26          27  0.873521453218533     
          26          28  0.849389178104949     
          29          30  0.863852437791976     
          29          31  0.868704678877385     
          32          33  0.865149132827494     
          32          34  0.867567207083439     
