   -0.17902299
   -0.02425423
   -0.07103709
   -0.10086732
    0.36333515
   -0.63052582
   -0.64466491
    0.29267928
    0.28662141
    0.08844016
    0.08936445
    0.06292842
    0.06211912
    0.03440742
    0.03893210
    0.30888658
   -0.66276802
    0.35937892
    0.34424085
   -0.68788844
    0.31268812
    0.34747489
   -0.67033834
    0.30833869
    0.32513395
   -0.69111356
    0.32918469
    0.31712494
   -0.70043592
    0.36183285
    0.36004862
   -0.66718229
    0.36099622
    0.34874970
   -0.69998665
    0.36011205
    0.36706700
