           1           2  0.984355289057399     
           2           3   1.01070248716705     
           3           4  0.992324193188405     
           4           5  0.945508561828460     
           5           6   1.47822588646012     
           5           7   1.47107045501782     
           6           7  0.202380005156383     
           1           8  0.844015825280561     
           1           9  0.902683000898135     
           2          10  0.969682287042866     
           2          11  0.965304966656689     
           3          12  0.971792161046797     
           3          13  0.972874841077296     
           4          14  0.970137306349581     
           4          15  0.977377372658770     
           1          16  0.802136826661816     
          17          18  0.867561108990964     
          17          19  0.841009839717019     
          20          21  0.861918175123983     
          20          22  0.878378509053319     
          23          24  0.843798892830718     
          23          25  0.859855872484684     
          26          27  0.890617836273963     
          26          28  0.839929928197239     
          29          30  0.867529041875100     
          29          31  0.868640529018676     
          32          33  0.865905950787378     
          32          34  0.875738592528271     
          35          36  0.867590280225178     
          35          37  0.861824134334617     
