   -0.19300482
   -0.02690670
   -0.07131887
   -0.10202363
    0.36751113
   -0.62927519
   -0.62993339
    0.28586327
    0.28488900
    0.08415603
    0.09644876
    0.07233063
    0.05977088
    0.04803661
    0.04990489
    0.29984602
   -0.65076956
    0.34589654
    0.34345678
   -0.67093713
    0.32985194
    0.32561688
    0.34136766
   -0.66932529
    0.34318034
   -0.68152202
    0.35724120
    0.31224422
    0.33395522
   -0.65442924
    0.35875354
    0.33053356
   -0.66080144
    0.30898034
    0.34150712
   -0.69151149
    0.35195309
    0.33508076
   -0.65454967
    0.31247136
    0.35229830
   -0.70237104
    0.35421021
    0.35313525
   -0.67777097
    0.33001571
    0.34495064
   -0.69055206
    0.34998494
    0.31039586
   -0.66701620
    0.35158692
   -0.68254609
    0.35229999
    0.31143327
   -0.69545753
    0.36307608
    0.30778740
