           1           2  0.991560888424184     
           2           3   1.00483949027479     
           3           4  0.981342880338485     
           4           5  0.966561528959439     
           5           6   1.44433985759240     
           5           7   1.44423540631971     
           6           7  0.179408852921322     
           1           8  0.840140137722614     
           1           9  0.846568656135862     
           2          10  0.970566479704107     
           2          11  0.962747595263537     
           3          12  0.968438031149703     
           3          13  0.973486614159489     
           4          14  0.971649239497887     
           4          15  0.971202340552965     
           1          16  0.807598940646821     
          17          18  0.877301280155353     
          17          19  0.833824876197388     
          20          21  0.847184744849910     
          20          22  0.864171924655180     
          23          24  0.840008286688852     
          24          25  0.849629728215304     
          26          27  0.869416266301693     
          26          28  0.859083311485100     
          29          30  0.840982265064343     
          30          31  0.866658315582611     
          32          33  0.860799591492423     
          33          34  0.875024741045508     
          35          36  0.852305130694235     
          36          37  0.872622128283283     
          38          39  0.879489200235151     
          39          40  0.854400238920999     
          41          42  0.874813427866143     
          42          43  0.874001170927269     
          44          45  0.870595460421125     
          45          46  0.851847610277829     
          47          48  0.842525952032553     
          48          49  0.875338754272849     
          50          51  0.854765465502395     
          51          52  0.872180505377681     
          53          54  0.874535709173788     
          53          55  0.871057030256422     
          56          57  0.868104544049698     
          56          58  0.869340323701598     
