   -0.18067345
   -0.02400787
   -0.07641586
   -0.09930596
    0.36484624
   -0.63082461
   -0.64279400
    0.29505719
    0.28862625
    0.08929843
    0.08866104
    0.07824710
    0.05193387
    0.03249533
    0.04583425
    0.29735306
   -0.66093704
    0.35915424
    0.32587479
   -0.66829670
    0.31368903
    0.34950199
    0.36363087
   -0.68459321
    0.36280576
   -0.69234503
    0.35282090
    0.31623057
    0.36345642
   -0.68295269
    0.35752600
    0.32046774
   -0.68326235
    0.30889772
