           1           2  0.988013297228635     
           2           3   1.00794684995233     
           3           4   1.00329318583672     
           4           5  0.944276196491255     
           5           6   1.45779405880622     
           5           7   1.48205330782882     
           6           7  0.200232357866215     
           1           8  0.833917034980206     
           1           9  0.851152798482922     
           2          10  0.970336155256361     
           2          11  0.969270569626790     
           3          12  0.961088402501554     
           3          13  0.976070984675407     
           4          14  0.978788933309796     
           4          15  0.957209191469017     
           1          16  0.842253678148062     
          17          18  0.866572194024970     
          17          19  0.856085472318702     
          20          21  0.854400069514146     
          20          22  0.873189848992217     
          23          24  0.864051557042135     
          24          25  0.865091084143980     
          26          27  0.873041132273375     
          26          28  0.840841292378087     
          29          30  0.864062834076490     
          30          31  0.869120177951439     
          32          33  0.868887256373684     
          33          34  0.857572077412004     
