   -0.18429156
   -0.02053571
   -0.07690522
   -0.10222840
    0.36178772
   -0.64593734
   -0.67532474
    0.28770156
    0.30048278
    0.09717337
    0.06122460
    0.07290081
    0.05775922
    0.02479136
    0.04061865
    0.29568376
   -0.65005169
    0.35614719
    0.32522691
   -0.66574114
    0.34816913
    0.34020722
   -0.67305214
    0.34968412
    0.33953131
   -0.70888560
    0.36312748
    0.34802805
   -0.70346551
    0.34744963
    0.36006588
   -0.68856023
    0.35130861
    0.34887246
   -0.67815219
    0.34523224
    0.34995739
