           1           2  0.990317316539317     
           2           3   1.00609273477698     
           3           4   1.00992838084652     
           4           5  0.935606063032645     
           5           6   1.45342072201979     
           5           7   1.49903671002342     
           6           7  0.202277216250999     
           1           8  0.844338663586392     
           1           9  0.837582865141626     
           2          10  0.964738111209211     
           2          11  0.973708468607250     
           3          12  0.966313630694604     
           3          13  0.976883079562846     
           4          14  0.972120208584461     
           4          15  0.956445055613777     
           1          16  0.834871192564950     
          17          18  0.867403436233999     
          17          19  0.838872553232687     
          20          21  0.839907103172679     
          20          22  0.878097176167910     
          23          24  0.871233769238654     
          23          25  0.847224367461118     
          26          27  0.867513979374893     
          26          28  0.878462874144097     
          29          30  0.878232691890380     
          29          31  0.869222740036837     
          32          33  0.872618916272033     
          32          34  0.826825736701084     
          35          36  0.856119335360928     
          35          37  0.867088945669286     
