    0.09672361
   -0.02087265
    0.29449875
    0.09758869
   -0.18205978
    0.05642898
   -0.11538135
   -0.61124377
    0.36707526
    0.27779588
   -0.63289791
    0.29896988
    0.07225058
   -0.67091850
    0.36299157
    0.33655342
   -0.68215897
    0.32169597
    0.36101052
   -0.68236149
    0.35905411
    0.36670688
   -0.68601488
    0.31710669
    0.34960301
   -0.70154896
    0.32553893
    0.35411727
   -0.68578515
    0.31303788
    0.35433030
   -0.68299556
    0.31415697
    0.35700381
