           1           2  0.962296828625982     
           2           4  0.967862962640558     
           2           5  0.984795938645910     
           3           5  0.842731261578194     
           2           7   1.00154694300228     
           6           7  0.974391564711880     
           7           9  0.950985838861944     
           8           9   1.47135500585010     
           5          10  0.866199737456779     
           8          11  0.190657506765412     
           9          11   1.45577026983601     
           5          12  0.822406711160025     
           7          13  0.956518811580552     
          14          15  0.864519838401892     
          14          16  0.846472958424511     
          17          18  0.854538318099829     
          17          19  0.865114245061773     
          20          21  0.868090801318579     
          20          22  0.862269643604442     
          23          24  0.864460378664274     
          23          25  0.875792645976983     
          26          27  0.862863941980530     
          26          28  0.874532524248161     
          29          30  0.844994301436857     
          29          31  0.871757335460005     
          32          33  0.849508039048844     
          32          34  0.868806989493430     
