   -0.17891373
   -0.03340977
   -0.07567434
   -0.10040125
    0.36514556
   -0.65461526
   -0.66136472
    0.31933876
    0.28746709
    0.08544606
    0.11543861
    0.07756241
    0.06266246
    0.02487910
    0.04105768
    0.30417765
   -0.64853466
    0.31860152
    0.32719703
   -0.66026804
    0.29986372
    0.33016156
   -0.69641270
    0.33850975
    0.35690210
   -0.69478151
    0.35724843
    0.36074026
   -0.66544147
    0.35130435
    0.36694014
   -0.66584676
    0.32590413
    0.30258513
   -0.69039853
    0.35303898
    0.35389027
