           1           2  0.977694419891769     
           2           3   1.00867127114823     
           3           4  0.997113433650700     
           4           5  0.935554628953255     
           5           6   1.48266560738526     
           5           7   1.46599272332789     
           6           7  0.199400335914708     
           1           8  0.791894810715095     
           1           9  0.901982489100370     
           2          10  0.971167904425625     
           2          11  0.961008442918875     
           3          12  0.966451393407127     
           3          13  0.969179866130437     
           4          14  0.967899044292717     
           4          15  0.978581531886314     
           1          16  0.895038327313028     
          17          18  0.847991403908043     
          17          19  0.855364965779526     
          20          21  0.862576535739492     
          20          22  0.844488458182342     
          23          24  0.837565098181599     
          23          25  0.871622730493478     
          26          27  0.870626792756028     
          26          28  0.867834599546446     
          29          30  0.800683816950618     
          29          31  0.857276583727070     
          32          33  0.867065375738283     
          32          34  0.877457322867491     
          35          36  0.821076575150278     
          35          37  0.871601719277727     
