   -0.17029951
   -0.03393881
   -0.06961042
   -0.10948916
    0.36273922
   -0.62549916
   -0.67788060
    0.29810535
    0.29950368
    0.11098368
    0.09158089
    0.05257355
    0.05701319
    0.06659527
    0.05435290
    0.30088729
   -0.68111612
    0.35978299
    0.35801517
   -0.67712350
    0.31599921
    0.35370629
   -0.67899324
    0.31056911
    0.35138106
   -0.67619588
    0.31742744
    0.32335874
   -0.67172380
    0.32723482
    0.32377143
   -0.67467031
    0.31998295
    0.35489906
   -0.68096487
    0.35786019
    0.35918191
