           1           2  0.977190404526853     
           2           3   1.00966264869084     
           3           4   1.00814665828513     
           4           5  0.952328145265651     
           5           6   1.54889159318668     
           5           7   1.37672031180005     
           6           7  0.189231076815251     
           1           8  0.847595162444741     
           1           9  0.845446240207418     
           2          10  0.957524974321575     
           2          11  0.969536087944880     
           3          12  0.974547423702473     
           3          13  0.973372292692101     
           4          14  0.957643058346840     
           4          15  0.954672277594752     
           1          16  0.896760465041783     
          17          18  0.865611620416335     
          17          19  0.867709505252753     
          20          21  0.823733044977978     
          20          22  0.867856534930365     
          23          24  0.856739668481955     
          23          25  0.871983918551075     
          26          27  0.869973212517355     
          26          28  0.861498762056409     
          29          30  0.854669971480583     
          29          31  0.868940865334097     
          32          33  0.863083239810880     
          32          34  0.871879497556513     
          35          36  0.867721555811550     
          35          37  0.866266588562147     
