    0.07529173
   -0.01802132
    0.29750675
    0.10927455
   -0.18376722
    0.06928393
   -0.11823951
   -0.61569513
    0.36401829
    0.28229423
   -0.64215831
    0.28961596
    0.07391892
   -0.68818001
    0.35260204
    0.31719853
   -0.68518904
    0.36557655
    0.36140554
   -0.69988050
    0.36305911
    0.36243154
   -0.68398676
    0.32281543
    0.35400372
   -0.69387547
    0.32176171
    0.33555122
   -0.66618892
    0.33921501
    0.35567892
   -0.68451536
    0.35085339
    0.31634047
