           1           2  0.972728349402427     
           2           4  0.962492486285358     
           2           5  0.982711911466433     
           3           5  0.827139099468636     
           2           7   1.00942066875593     
           6           7  0.963851424983961     
           7           9  0.949076099897288     
           8           9   1.45858838459669     
           5          10  0.859522038780615     
           8          11  0.198029401132530     
           9          11   1.48241257078553     
           5          12  0.846737615503723     
           7          13  0.952076453709978     
          14          15  0.871699570815605     
          14          16  0.833743560511430     
          17          18  0.863492532773635     
          17          19  0.866513930629773     
          20          21  0.865172529210648     
          20          22  0.865765746220982     
          23          24  0.852135158322800     
          23          25  0.872254613252738     
          26          27  0.846575494906703     
          26          28  0.887065369025500     
          29          30  0.846594434445561     
          29          31  0.869611356386424     
          32          33  0.875927356784054     
          32          34  0.870438776371266     
