    0.09576783
   -0.02563967
    0.30552613
    0.12010129
   -0.19417263
    0.05795771
   -0.11747086
   -0.63724536
    0.36231221
    0.28651563
   -0.65669572
    0.27729391
    0.05399867
   -0.67926378
    0.34557081
    0.33493837
   -0.69282345
    0.34654893
    0.33481319
   -0.69831419
    0.35715450
    0.34800736
   -0.65701417
    0.34892078
    0.33018397
   -0.67976885
    0.33611908
    0.35232661
   -0.67868562
    0.33943674
    0.34346677
   -0.66445418
    0.35780137
    0.34678661
