           1           2  0.966506252422935     
           2           4  0.955441545137782     
           2           5  0.974650878184922     
           3           5  0.807978229355210     
           2           7   1.01107714039563     
           6           7  0.972376703178540     
           7           9  0.932321973663420     
           8           9   1.44629926684394     
           5          10  0.828567106842928     
           8          11  0.205675716098227     
           9          11   1.51969754543889     
           5          12  0.909739123480150     
           7          13  0.959734143677094     
          14          15  0.876044046290945     
          14          16  0.842576255189134     
          17          18  0.874123111391645     
          17          19  0.831384832369977     
          20          21  0.868990374027984     
          20          22  0.841072445857742     
          23          24  0.823085466742363     
          23          25  0.877298053427947     
          26          27  0.839597439031002     
          26          28  0.869993975019193     
          29          30  0.878895691352589     
          29          31  0.833093713223966     
          32          33  0.869393682499943     
          32          34  0.840373551771638     
