    0.07143513
   -0.02017240
    0.28789315
    0.11487758
   -0.18395995
    0.06190698
   -0.11825599
   -0.61043707
    0.36579575
    0.27909312
   -0.63837152
    0.31183712
    0.08048851
   -0.69688100
    0.34983321
    0.31042465
   -0.68564702
    0.32991682
    0.34435638
   -0.65308907
    0.33853698
    0.34685511
   -0.69775502
    0.35064832
    0.31038723
   -0.68042060
    0.32975497
    0.35006517
   -0.68491438
    0.36722351
    0.36092807
   -0.67081345
    0.32562080
    0.35283892
