           1           2  0.973448882519578     
           2           4  0.957302314070150     
           2           5  0.983183780527053     
           3           5  0.904319287803287     
           2           7   1.00854490690139     
           6           7  0.969063808052029     
           7           9  0.950706052611320     
           8           9   1.47045887443360     
           5          10  0.858138980929033     
           8          11  0.194503774023975     
           9          11   1.46069955634003     
           5          12  0.778715415400669     
           7          13  0.950527322528625     
          14          15  0.876800252512834     
          14          16  0.852650669596636     
          17          18  0.864491916991522     
          17          19  0.880587393514152     
          12          20  0.110980553731309     
          20          21  0.847887043125530     
          20          22  0.839593448715557     
          23          24  0.876839341132098     
          23          25  0.854291354250489     
          26          27  0.850942250622881     
          26          28  0.872131056724085     
          29          30  0.861992954998437     
          29          31  0.866196022503236     
          32          33  0.859751206956132     
          32          34  0.871679766099927     
