   -0.16700224
   -0.03585491
   -0.07876360
   -0.10107097
    0.36507121
   -0.62913812
   -0.64353568
    0.29664935
    0.29420297
    0.09708250
    0.11396369
    0.06647986
    0.06713703
    0.04830203
    0.05501768
    0.31954000
   -0.69367248
    0.34990903
    0.34942614
   -0.69618726
    0.30790473
    0.35113048
   -0.71368522
    0.35176449
    0.36192086
   -0.69068771
    0.30403630
    0.34940321
   -0.68180264
    0.30531758
    0.35174749
   -0.67640003
    0.36429419
    0.36389613
   -0.67892519
    0.34934597
    0.30318314
