           1           2  0.976022507394478     
           2           3   1.00966505828721     
           3           4   1.00851720456218     
           4           5  0.954195737387438     
           5           6   1.46579926792629     
           5           7   1.45000114786574     
           6           7  0.186990807630563     
           1           8  0.898238693883868     
           1           9  0.898359726246456     
           2          10  0.968404064933345     
           2          11  0.957753915875252     
           3          12  0.969801510927124     
           3          13  0.967981854230259     
           4          14  0.958389848297384     
           4          15  0.959773238213031     
           1          16  0.815129821437706     
          17          18  0.876211096108017     
          17          19  0.877020878178178     
          20          21  0.855480774005568     
          20          22  0.876528803943625     
          23          24  0.876131459122044     
          23          25  0.868883142899384     
          26          27  0.857202524194654     
          26          28  0.877554316860815     
          29          30  0.867968104671603     
          29          31  0.875075391813471     
          32          33  0.862478668668399     
          32          34  0.863234779161329     
          35          36  0.876815661336867     
          35          37  0.867846533250234     
