   -0.11902624
    0.36501276
   -0.65110149
   -0.64900694
   -0.01475624
   -0.19816599
    0.07384339
    0.03858968
    0.07344409
    0.09672690
    0.27407643
    0.31123976
    0.30643549
   -0.66410790
    0.31852071
    0.34214356
   -0.69731258
    0.34386614
    0.33657034
   -0.67903663
    0.34714034
    0.32753980
   -0.69442653
    0.36451935
    0.36057558
   -0.66847127
    0.36168195
    0.33388589
   -0.66569167
    0.35258780
    0.33013811
   -0.66377390
    0.35777580
    0.34856351
