           1           2  0.927508345994158     
           2           3   1.52211561266971     
           2           4   1.44479154062264     
           3           4  0.204864720676861     
           1           5   1.00687355317301     
           5           6  0.988184495176574     
           1           7  0.957094652157933     
           1           8  0.981348129313664     
           5           9  0.973322153282767     
           5          10  0.961793444752360     
           6          11  0.911355198710449     
           6          12  0.773289312014582     
           6          13  0.819283567577109     
          14          15  0.824813661581376     
          14          16  0.877743036190412     
          17          18  0.827889407853518     
          17          19  0.849746781262418     
          20          21  0.847718149887564     
          20          22  0.860314286086344     
          23          24  0.864754085541768     
          23          25  0.867759728076324     
          26          27  0.862734344800083     
          26          28  0.843422584542883     
          12          29  0.115895496724687     
          29          30  0.810709486053439     
          29          31  0.851745209329169     
          32          33  0.864217926266682     
          32          34  0.828857251938226     
