   -0.18113509
   -0.02532236
   -0.07334891
   -0.10292364
    0.36284742
   -0.64205258
   -0.66953191
    0.29690537
    0.30602893
    0.09257903
    0.08562799
    0.06174637
    0.06520072
    0.03945330
    0.03133106
    0.29755718
   -0.65677093
    0.33276250
    0.36228627
   -0.71368278
    0.35828969
    0.35539313
   -0.72599755
    0.35931005
    0.36668747
   -0.68070382
    0.36213464
    0.35836117
   -0.71179336
    0.35721094
    0.35458238
   -0.69809900
    0.34571801
    0.30689711
   -0.68205361
    0.35029049
    0.35421432
