           1           2  0.983939728401388     
           2           3   1.00845231561342     
           3           4   1.00395393395491     
           4           5  0.934378287869856     
           5           6   1.51845793920230     
           5           7   1.44152854694019     
           6           7  0.203202483621536     
           1           8  0.843055291750840     
           1           9  0.813772422949914     
           2          10  0.969295982137699     
           2          11  0.970543864075949     
           3          12  0.971090019057158     
           3          13  0.970649179754013     
           4          14  0.976108431627775     
           4          15  0.960954001799648     
           1          16  0.898339930988008     
          17          18  0.856940931441188     
          17          19  0.864545345738893     
          20          21  0.871493951243826     
          20          22  0.873560951476146     
          23          24  0.870667351845932     
          23          25  0.865311456002821     
          26          27  0.865219994009469     
          26          28  0.866836728977587     
          29          30  0.872314881501958     
          29          31  0.874185709171556     
          32          33  0.879835771078970     
          32          34  0.843000027679072     
          35          36  0.873241271393576     
          35          37  0.871031495301367     
