   -0.18122400
   -0.03091947
   -0.06938354
   -0.10046257
    0.36072557
   -0.64443140
   -0.66575312
    0.27411225
    0.30224251
    0.10907362
    0.08662846
    0.04503813
    0.05922601
    0.03894916
    0.03176754
    0.31330160
   -0.68966652
    0.32617334
    0.31433954
   -0.64957734
    0.35104114
    0.33609267
   -0.68582223
    0.35213028
    0.34527708
   -0.68992096
    0.34644393
    0.35779845
   -0.66372931
    0.35655998
    0.34928045
   -0.68453266
    0.34967670
    0.34635564
   -0.69196761
    0.35032660
    0.34483006
