           1           2  0.987505230146513     
           2           3   1.00864931101885     
           3           4   1.00893998640892     
           4           5  0.935093836087394     
           5           6   1.46161694719270     
           5           7   1.49967967468317     
           6           7  0.207228907527917     
           1           8  0.909895644916124     
           1           9  0.820223381815774     
           2          10  0.962152737479092     
           2          11  0.970119769170838     
           3          12  0.974921298276721     
           3          13  0.972354591030693     
           4          14  0.962635026836217     
           4          15  0.970860951806737     
           1          16  0.805827329403680     
          17          18  0.892349146602927     
          17          19  0.836545033546970     
          20          21  0.807539807975275     
          20          22  0.879450611129131     
          23          24  0.872034312306063     
          23          25  0.831775023607262     
          26          27  0.830697664313691     
          26          28  0.868183785606232     
          29          30  0.865860809619169     
          29          31  0.812383009709853     
          32          33  0.839190935845800     
          32          34  0.874775300307897     
          35          36  0.872287513239028     
          35          37  0.836025686562134     
