   -0.17867671
   -0.02076515
   -0.07795280
   -0.09956067
    0.36254448
   -0.64378234
   -0.66949522
    0.30707003
    0.27874924
    0.08128980
    0.09391315
    0.07052898
    0.05934008
    0.03060287
    0.02803317
    0.30917635
   -0.68237861
    0.33832095
    0.36217695
   -0.68409909
    0.34944548
    0.32066293
   -0.66065420
    0.33844018
    0.35202272
   -0.66352119
    0.31326738
    0.33881627
   -0.66770783
    0.34285353
    0.33078049
   -0.67613376
    0.34629761
    0.35136190
   -0.68509343
    0.35012556
    0.35400089
