           1           2  0.987991217846485     
           2           3   1.00885549893349     
           3           4   1.00733036831210     
           4           5  0.932863010522111     
           5           6   1.45756012440323     
           5           7   1.50077328068072     
           6           7  0.204076162230809     
           1           8  0.810595575700477     
           1           9  0.906291266819663     
           2          10  0.969129994555978     
           2          11  0.965164259532412     
           3          12  0.969344989487318     
           3          13  0.972073399009793     
           4          14  0.973618279340302     
           4          15  0.960193540906019     
           1          16  0.826748296307164     
          17          18  0.884124796311365     
          17          19  0.866708377342486     
          20          21  0.842865561466155     
          20          22  0.865906026860824     
          23          24  0.876492162415988     
          23          25  0.793754633651998     
          26          27  0.842623451223500     
          26          28  0.881963713734173     
          29          30  0.845276435991903     
          29          31  0.850138901401146     
          32          33  0.813857318261964     
          32          34  0.867235962413224     
          35          36  0.874931289230726     
          35          37  0.833337704054997     
