   -0.16993731
   -0.02824130
   -0.06863988
   -0.10970419
    0.36646008
   -0.63385264
   -0.62754342
    0.29341854
    0.29554947
    0.10666420
    0.08331222
    0.04567269
    0.06438863
    0.06151261
    0.04055643
    0.27719877
   -0.67247560
    0.36869179
    0.36297207
   -0.68359894
    0.31048665
    0.34793926
   -0.67483259
    0.34542943
    0.33299345
   -0.68144807
    0.34767123
    0.31749857
   -0.68535849
    0.35687479
    0.32046722
   -0.69366924
    0.33459886
    0.34738731
   -0.71181097
    0.36177332
    0.35159507
