           1           2  0.980167192764590     
           2           3   1.00877413485493     
           3           4  0.989189419068231     
           4           5  0.951147070300258     
           5           6   1.49803624794758     
           5           7   1.43086477432535     
           6           7  0.193122037108913     
           1           8  0.843938814460231     
           1           9  0.854804213800337     
           2          10  0.962422578950813     
           2          11  0.966049494871367     
           3          12  0.976097486974333     
           3          13  0.974298418349986     
           4          14  0.970456516862648     
           4          15  0.971377631130582     
           1          16  0.857902224400783     
          17          18  0.860843075390175     
          17          19  0.864624696479670     
          20          21  0.861901316463063     
          20          22  0.878041748141511     
          23          24  0.873971447846779     
          23          25  0.848788762470925     
          26          27  0.876243279335905     
          26          28  0.835404752405804     
          29          30  0.868588415050766     
          29          31  0.844011487843551     
          32          33  0.863829494070619     
          32          34  0.878709886096174     
          35          36  0.868467263531305     
          35          37  0.875807161536870     
