   -0.17334638
   -0.02564680
   -0.07213555
   -0.10553661
    0.36333247
   -0.64754956
   -0.62296483
    0.30087451
    0.29481077
    0.12245895
    0.06855634
    0.04840485
    0.07408339
    0.04819416
    0.02575131
    0.28254439
   -0.69951947
    0.35961658
    0.36032380
   -0.69539610
    0.34127686
    0.35408916
   -0.68538845
    0.34404560
    0.34185219
   -0.65578833
    0.33063150
    0.32024310
   -0.69696733
    0.31101583
    0.34994078
   -0.68994462
    0.33910716
    0.35130805
   -0.67241910
    0.35522662
    0.35491477
