           1           2  0.980730309675451     
           2           3   1.00920838965836     
           3           4  0.992424211590677     
           4           5  0.938793981449776     
           5           6   1.48770650170049     
           5           7   1.46687723775218     
           6           7  0.203612230777031     
           1           8  0.851494567359689     
           1           9  0.873647422834771     
           2          10  0.958544375568302     
           2          11  0.974404597292177     
           3          12  0.975955654844142     
           3          13  0.972949734679394     
           4          14  0.972273057866644     
           4          15  0.979203973190147     
           1          16  0.836853026032659     
          17          18  0.868232314798706     
          17          19  0.867646521483991     
          20          21  0.833890852234478     
          20          22  0.870948768059840     
          23          24  0.873542365547733     
          23          25  0.816797957033730     
          26          27  0.839415297050681     
          26          28  0.864540807262719     
          29          30  0.853593922110539     
          29          31  0.877392462674370     
          32          33  0.835572868673401     
          32          34  0.873406275612195     
          35          36  0.828278032539228     
          35          37  0.869130014053479     
