   -0.11670559
    0.36195525
   -0.67961298
   -0.66057228
   -0.01271828
   -0.18062411
    0.05637383
    0.05246787
    0.07667633
    0.07933906
    0.28448978
    0.30056005
    0.30513910
   -0.69212284
    0.34574792
    0.35006611
   -0.65311331
    0.33050623
    0.35888133
   -0.68942701
    0.34181109
    0.33410024
   -0.66784270
    0.34885813
    0.35078918
   -0.68675226
    0.35484977
    0.34989340
   -0.68104807
    0.35119325
    0.34093663
   -0.66267302
    0.35395853
    0.35461937
