           1           2  0.922557709426980     
           2           3   1.48192138618426     
           2           4   1.49524279073252     
           3           4  0.211038868625571     
           1           5   1.01533333331691     
           5           6  0.991015877460763     
           1           7  0.965661154736863     
           1           8  0.964755032949583     
           5           9  0.970878122699867     
           5          10  0.970562451799811     
           6          11  0.869135699247380     
           6          12  0.823261974394139     
           6          13  0.821393613777875     
          14          15  0.873671837396180     
          14          16  0.803561730212149     
          17          18  0.878885010541109     
          17          19  0.811263848540900     
          20          21  0.857050069653733     
          20          22  0.886339430515414     
          23          24  0.818236980181720     
          23          25  0.868939923808447     
          26          27  0.870095540148433     
          26          28  0.841575612521126     
          29          30  0.843982085143033     
          29          31  0.851521843380427     
          32          33  0.870387093609373     
          32          34  0.871176191344763     
