    0.10569746
   -0.02378265
    0.31304197
    0.10112792
   -0.19543343
    0.04534724
   -0.11536684
   -0.63173525
    0.36370140
    0.28610842
   -0.65836200
    0.27322705
    0.04937005
   -0.67218200
    0.32935921
    0.35645747
   -0.68765353
    0.32541927
    0.33118453
   -0.64961801
    0.34983257
    0.34090334
   -0.70130645
    0.35246654
    0.34822995
   -0.68326809
    0.36692596
    0.35851092
   -0.67717454
    0.35200287
    0.34835072
   -0.69405948
    0.34934723
    0.34333018
