           1           2  0.958259402322780     
           2           4  0.966984134515194     
           2           5  0.979264125896349     
           3           5  0.787812138745706     
           2           7   1.01164369759935     
           6           7  0.974058145925355     
           7           9  0.929087866709245     
           8           9   1.45283149901950     
           5          10  0.833506753063178     
           8          11  0.206340178414495     
           9          11   1.51811294606171     
           5          12  0.911201748815956     
           7          13  0.960537318787926     
          14          15  0.858877912610203     
          14          16  0.868718248102730     
          17          18  0.863522384267923     
          17          19  0.862401811855678     
           3          20  0.102824563783643     
          20          21  0.825948809642756     
          20          22  0.825473407018682     
          23          24  0.871773815995098     
          23          25  0.825925346226336     
          26          27  0.860755796394316     
          26          28  0.868834233516465     
          29          30  0.872492544510298     
          29          31  0.824372513339914     
          32          33  0.874014995843010     
          32          34  0.829992233939422     
