   -0.18058931
   -0.03244050
   -0.06963125
   -0.10063303
    0.36053019
   -0.65845631
   -0.68455949
    0.27040242
    0.30113897
    0.11636008
    0.08046504
    0.04931036
    0.05351387
    0.02918009
    0.02697020
    0.31180667
   -0.66945239
    0.35356866
    0.34910255
   -0.68191676
    0.34855239
    0.34680346
   -0.68477386
    0.34924576
    0.34481366
   -0.67479557
    0.35050391
    0.34844870
   -0.68752867
    0.34068855
    0.35578181
   -0.64889236
    0.34124096
    0.34672884
   -0.68459313
    0.34491153
    0.33819395
