           1           2  0.986043371560269     
           2           3   1.00822937671574     
           3           4   1.00902880279490     
           4           5  0.925323914604167     
           5           6   1.49438557909171     
           5           7   1.47950896752594     
           6           7  0.209479886959507     
           1           8  0.910956481087460     
           1           9  0.822851769848824     
           2          10  0.955930759934986     
           2          11  0.970932608031039     
           3          12  0.971424691357678     
           3          13  0.975018268521642     
           4          14  0.974576647021050     
           4          15  0.963238962842422     
           1          16  0.804029478339371     
          17          18  0.870018833312742     
          17          19  0.824182192139339     
          20          21  0.871623388765855     
          20          22  0.821726410891454     
          23          24  0.873185592296805     
          23          25  0.836379280640821     
          26          27  0.848139704255382     
          26          28  0.870218042779757     
          29          30  0.830841272970322     
          29          31  0.868852912356453     
          32          33  0.876986115023275     
          32          34  0.812088719776979     
          35          36  0.816801595284176     
          35          37  0.880353720306459     
