   -0.18138339
   -0.02497073
   -0.06876755
   -0.10788894
    0.36235984
   -0.66164517
   -0.65921672
    0.28239752
    0.29847014
    0.11285053
    0.08106097
    0.03985240
    0.06757893
    0.05096212
    0.03353125
    0.32318300
   -0.72127796
    0.36111892
    0.36015904
   -0.68100739
    0.34449313
    0.33786601
   -0.66520589
    0.32624358
    0.31250482
   -0.70542826
    0.36291196
    0.36853517
   -0.70451657
    0.35263592
    0.35346305
   -0.65627765
    0.34832181
    0.35875810
   -0.68512323
    0.32970905
    0.35374217
