           1           2  0.979525646607654     
           2           3   1.01088028523986     
           3           4  0.992892241891689     
           4           5  0.937189035065829     
           5           6   1.50647618995497     
           5           7   1.45290465580538     
           6           7  0.206687326722846     
           1           8  0.905376736549890     
           1           9  0.897547787895063     
           2          10  0.961571667710819     
           2          11  0.969272876634351     
           3          12  0.976163604032607     
           3          13  0.972078940593581     
           4          14  0.971138312221133     
           4          15  0.973643641073583     
           1          16  0.771939216321781     
          17          18  0.869436168652540     
          17          19  0.870127311344313     
          20          21  0.878833172157791     
          20          22  0.845572104617242     
          23          24  0.854199850967087     
          23          25  0.848181358258153     
          26          27  0.865765192910714     
          26          28  0.860930012128303     
          29          30  0.875371800992517     
          29          31  0.874799509381284     
          16          32  0.112325759168927     
          32          33  0.829643147161113     
          32          34  0.867552692394190     
          35          36  0.838811480955766     
          35          37  0.869226135892295     
