   -0.18677081
   -0.02771765
   -0.07232749
   -0.10362141
    0.36642500
   -0.65433027
   -0.62407858
    0.31223767
    0.27688899
    0.11458233
    0.08768440
    0.05871090
    0.06131672
    0.03905733
    0.02434330
    0.27430461
   -0.69213538
    0.33958296
    0.35516550
   -0.67640046
    0.32366662
    0.34701273
   -0.65454049
    0.34324037
    0.34337532
   -0.67463336
    0.35464702
    0.31045361
   -0.68726178
    0.36259110
    0.35379279
   -0.66497692
    0.32919831
    0.33674576
   -0.69603920
    0.35156073
    0.34824973
