           1           2  0.977714839898138     
           2           3   1.00970034874682     
           3           4  0.991672427949047     
           4           5  0.937490730287759     
           5           6   1.46802821750709     
           5           7   1.48019071258842     
           6           7  0.197988345091594     
           1           8  0.781559310062309     
           1           9  0.909013051475152     
           2          10  0.959262238185199     
           2          11  0.965160018633183     
           3          12  0.973435069068842     
           3          13  0.974489114589588     
           4          14  0.976086003309378     
           4          15  0.977387404345197     
           1          16  0.853606075393025     
          17          18  0.851478643772749     
          17          19  0.871570760882424     
          20          21  0.853306122838068     
          20          22  0.876772354482433     
           8          23  0.109188166039462     
          23          24  0.818498661652969     
          23          25  0.842757130802264     
          26          27  0.870258265483276     
          26          28  0.850324886447624     
          29          30  0.865857869239552     
          29          31  0.872752553477173     
          32          33  0.863280381713427     
          32          34  0.848774580510021     
          35          36  0.873781176893219     
          35          37  0.850659045507703     
