   -0.18104072
   -0.02253917
   -0.07533318
   -0.11045913
    0.36439918
   -0.64501640
   -0.62871310
    0.29208385
    0.30962855
    0.09835820
    0.07162687
    0.05682563
    0.09741660
    0.06240684
    0.05094370
    0.29161920
   -0.66317401
    0.36253889
    0.33444115
   -0.66250365
    0.33042720
    0.32154763
   -0.68464169
    0.31259149
    0.34933238
   -0.69275681
    0.33528575
    0.31538445
   -0.69168662
    0.35218365
    0.36416073
   -0.67006547
    0.31703295
    0.34662493
   -0.68304010
    0.34511700
    0.32899328
