           1           2  0.979100235226560     
           2           3   1.01233461962956     
           3           4  0.989624189215916     
           4           5  0.955842027907061     
           5           6   1.43956807807586     
           5           7   1.48752085802139     
           6           7  0.194542867032380     
           1           8  0.901523067837262     
           1           9  0.809283366886114     
           2          10  0.968719555639813     
           2          11  0.971973632537175     
           3          12  0.970148042062411     
           3          13  0.958325974605135     
           4          14  0.969777857513424     
           4          15  0.967019856531217     
           1          16  0.849657463569300     
          17          18  0.864224948104965     
          17          19  0.846865882688830     
          20          21  0.853997152529739     
          20          22  0.862855471901130     
          23          24  0.840071351526348     
          23          25  0.873627777544621     
          26          27  0.886715613739388     
          26          28  0.844829921980701     
          29          30  0.873747704852432     
          29          31  0.865664746559323     
          32          33  0.839116334318535     
          32          34  0.872087516940821     
          35          36  0.876376507783602     
          35          37  0.837185006236054     
