   -0.11640323
    0.36260914
   -0.67439442
   -0.65840157
   -0.01278404
   -0.18394901
    0.04523015
    0.05546689
    0.08498257
    0.07483848
    0.29262870
    0.28664954
    0.30361662
   -0.69515223
    0.34640514
    0.35240613
   -0.67793017
    0.35119447
    0.34584673
   -0.64236360
    0.33988802
    0.33599866
   -0.68893214
    0.35496732
    0.35703859
   -0.68032272
    0.35926149
    0.35379158
   -0.69789838
    0.35887422
    0.36496532
   -0.68999245
    0.34170172
    0.35016248
