    0.10963381
   -0.02684972
    0.30423446
    0.11493561
   -0.18381626
    0.07773239
   -0.12262416
   -0.62001362
    0.36587771
    0.30275192
   -0.63851932
    0.29297075
    0.05675432
   -0.67257144
    0.34012306
    0.35822364
   -0.68215273
    0.33239161
    0.35046058
   -0.67357376
    0.32648786
    0.35383144
   -0.66971721
    0.35716865
    0.32192463
   -0.70888781
    0.33287207
    0.34878181
   -0.70902179
    0.35248332
    0.33272684
   -0.68008072
    0.32082140
    0.33464062
