           1           2  0.959062827778717     
           2           4  0.961619413024561     
           2           5  0.967878397691724     
           3           5  0.895467925290309     
           2           7   1.00428726106820     
           6           7  0.964697077144741     
           7           9  0.942466693361519     
           8           9   1.46183577196394     
           5          10  0.807546330837133     
           8          11  0.196676945624220     
           9          11   1.48275156134040     
           5          12  0.900924400271554     
           7          13  0.961725097605622     
          14          15  0.835970273089951     
          14          16  0.868189787207607     
          17          18  0.840234595789214     
          17          19  0.873921082991512     
          20          21  0.847021650577084     
          20          22  0.868771775554769     
          23          24  0.865762854424132     
          23          25  0.833396131100812     
          26          27  0.850463313003459     
          26          28  0.878209769144540     
          29          30  0.875514822324769     
          29          31  0.855826881286749     
          32          33  0.860755042922886     
          32          34  0.838536601871771     
