   -0.18544383
   -0.01997340
   -0.07592136
   -0.09947737
    0.36199452
   -0.64018614
   -0.65594569
    0.29337639
    0.29439648
    0.08198082
    0.07970189
    0.06406495
    0.06436985
    0.03428545
    0.03262620
    0.29005084
   -0.68730883
    0.31362059
    0.33728984
   -0.69089684
    0.35879933
    0.34268831
   -0.64938412
    0.33242804
    0.31844807
   -0.72489797
    0.36347177
    0.36142618
   -0.67881337
    0.34883395
    0.35307292
   -0.66678948
    0.36689122
    0.36015093
   -0.66244215
    0.34551998
    0.33799204
