           1           2  0.991586609432120     
           2           3   1.00956044458155     
           3           4   1.00807347959249     
           4           5  0.938532036916775     
           5           6   1.42760389982320     
           5           7   1.51895064056882     
           6           7  0.200462077434619     
           1           8  0.831163797531527     
           1           9  0.827222947230843     
           2          10  0.970476959203968     
           2          11  0.968944829395232     
           3          12  0.970794473623882     
           3          13  0.973273030013963     
           4          14  0.971444133658027     
           4          15  0.959174092686389     
           1          16  0.848980131601278     
          17          18  0.848502865611278     
          17          19  0.885360816169938     
          20          21  0.868157957188662     
          20          22  0.851565414538208     
          23          24  0.880869892546679     
          23          25  0.851974608250916     
          26          27  0.867666952051420     
          26          28  0.869149737936209     
          29          30  0.834020997727859     
          29          31  0.871674081096750     
          32          33  0.861699743680589     
          32          34  0.866563927691927     
          35          36  0.876054088069186     
          35          37  0.840876505278004     
