    0.07759341
   -0.02030872
    0.29953236
    0.11549077
   -0.18638408
    0.04694946
   -0.11571782
   -0.62171819
    0.36317413
    0.28227411
   -0.65095669
    0.28917677
    0.06528796
   -0.66797050
    0.35147167
    0.35732644
   -0.68065931
    0.34384260
    0.35251990
   -0.69983952
    0.35045679
    0.31146705
   -0.72010120
    0.36405903
    0.35604222
   -0.69598336
    0.34105571
    0.33209256
   -0.68476606
    0.35570591
    0.36689550
   -0.68495929
    0.34481247
    0.36213795
