           1           2  0.972752843000125     
           2           4  0.956649259742888     
           2           5  0.982445605652213     
           3           5  0.833216709299175     
           2           7   1.01012367824658     
           6           7  0.973983618517104     
           7           9  0.937728682339729     
           8           9   1.47619885630268     
           5          10  0.845002999688464     
           8          11  0.204566112314247     
           9          11   1.48184568575478     
           5          12  0.852224787159604     
           7          13  0.956584432548075     
          14          15  0.828169854151400     
          14          16  0.865943303055696     
          17          18  0.845077295888983     
          17          19  0.871565585483749     
          20          21  0.877035505425146     
          20          22  0.851636994607455     
          23          24  0.867284462257190     
          23          25  0.873057457653631     
          26          27  0.881953003938344     
          26          28  0.848119282052098     
          29          30  0.870487124055533     
          29          31  0.861993675325359     
          32          33  0.864828581323524     
          32          34  0.865981760005444     
