    0.10553756
   -0.02310806
    0.30018054
    0.09644148
   -0.18849361
    0.06972837
   -0.11826145
   -0.62279487
    0.36588094
    0.29366478
   -0.64255287
    0.28270201
    0.05257742
   -0.68119153
    0.35770428
    0.32796595
   -0.67798791
    0.36563784
    0.36182063
   -0.68386715
    0.35881906
    0.34021852
   -0.68604447
    0.34026106
    0.35252678
   -0.68116069
    0.32569458
    0.31849990
   -0.65844555
    0.34008725
    0.31255829
   -0.69575104
    0.35666294
    0.33448903
