           1           2  0.959160149743351     
           2           4  0.968817738274996     
           2           5  0.975232254373196     
           3           5  0.832543736038080     
           2           7   1.00699189561206     
           6           7  0.969760194457098     
           7           9  0.938864899948964     
           8           9   1.46115250237149     
           5          10  0.815707519318525     
           8          11  0.197562815515323     
           9          11   1.48735966922464     
           5          12  0.906933755595188     
           7          13  0.960857031727517     
          14          15  0.868706005162555     
          14          16  0.862030930109550     
          17          18  0.862931159322232     
          17          19  0.866702243037449     
          20          21  0.867910616120017     
          20          22  0.822602088014140     
          23          24  0.835485911461358     
          23          25  0.872895528924879     
          26          27  0.860380715697829     
          26          28  0.867500559667000     
          29          30  0.832240315851065     
          29          31  0.855498502505620     
          32          33  0.868801080174880     
          32          34  0.834075729213148     
