   -0.19336297
   -0.02094233
   -0.07566504
   -0.10324026
    0.36223613
   -0.66209347
   -0.61597154
    0.28346046
    0.28928037
    0.09681146
    0.08047906
    0.05889810
    0.07019786
    0.03957303
    0.02296769
    0.28478619
   -0.68244720
    0.36724086
    0.35681823
   -0.68332738
    0.33777477
    0.35684258
   -0.68369616
    0.35139978
    0.34057141
   -0.67205134
    0.35642590
    0.32832065
   -0.72092766
    0.35574829
    0.36517938
   -0.71904643
    0.35788209
    0.36116435
   -0.68456607
    0.34044795
    0.35283128
