           1           2  0.981876329214545     
           2           3   1.01213046151618     
           3           4   1.00377169305458     
           4           5  0.936231259983733     
           5           6   1.51495607291536     
           5           7   1.44542706186808     
           6           7  0.201927987788673     
           1           8  0.852231750719086     
           1           9  0.852154978932244     
           2          10  0.969741709282190     
           2          11  0.970680944521050     
           3          12  0.972348658539130     
           3          13  0.968523866556972     
           4          14  0.958711347172953     
           4          15  0.977829465336492     
           1          16  0.807676326885106     
          17          18  0.862693553954319     
          17          19  0.870581199124198     
          20          21  0.841549152307751     
          20          22  0.866039952002078     
          23          24  0.874405617825362     
          23          25  0.860258428057500     
          26          27  0.868542016005324     
          26          28  0.852655785385788     
          29          30  0.873301925611095     
          29          31  0.866502760222013     
          32          33  0.871733226301693     
          32          34  0.869373125990934     
          35          36  0.853832370353761     
          35          37  0.872342993833640     
