   -0.19897287
   -0.02328613
   -0.07910994
   -0.10412377
    0.36165896
   -0.66104149
   -0.61955712
    0.27889089
    0.29526284
    0.11367378
    0.07843434
    0.08247842
    0.06195212
    0.03868120
    0.02611494
    0.28639840
   -0.69486249
    0.33666820
    0.35005626
   -0.68646168
    0.36074404
    0.35541705
   -0.69203209
    0.35247713
    0.33316222
   -0.66048312
    0.35288831
    0.33629783
   -0.66975129
    0.36589012
    0.35601880
   -0.70272595
    0.33209877
    0.34678567
   -0.67309854
    0.32846873
    0.33498744
