           1           2  0.974414419725967     
           2           3   1.01325383722326     
           3           4   1.00358034902157     
           4           5  0.938093379079499     
           5           6   1.51872442280816     
           5           7   1.43559982906841     
           6           7  0.199958008563060     
           1           8  0.909033419807462     
           1           9  0.826769712400573     
           2          10  0.960849254553754     
           2          11  0.971095391284101     
           3          12  0.962601617511305     
           3          13  0.971730924312803     
           4          14  0.957783221480545     
           4          15  0.976618197571497     
           1          16  0.797502636751968     
           7          16  0.103171079850630     
          17          18  0.825164360074042     
          17          19  0.873268970309740     
          20          21  0.867162311406829     
          20          22  0.871360052404166     
          23          24  0.872943930799433     
          23          25  0.843827758485517     
          26          27  0.872783101709471     
          26          28  0.847242090896730     
          29          30  0.863645684719601     
          29          31  0.870108530093839     
          32          33  0.855742377348783     
          32          34  0.879622325090840     
          35          36  0.854987978164584     
          35          37  0.847441733423134     
