           1           2  0.960957844292396     
           2           4  0.967934011691720     
           2           5  0.970270179071811     
           3           5  0.898284583357272     
           2           7   1.00894367672381     
           6           7  0.962938926213280     
           7           9  0.945006929591271     
           8           9   1.46842622522468     
           5          10  0.791100022273667     
           8          11  0.198060296312209     
           9          11   1.47743422880939     
           5          12  0.901126682727167     
           7          13  0.956196389397937     
          14          15  0.876360148945623     
          14          16  0.856094158701900     
          17          18  0.874878393101854     
          17          19  0.839372231962664     
          20          21  0.866785784783468     
          20          22  0.864342645125778     
          23          24  0.857389692882067     
          23          25  0.844076921989699     
          26          27  0.876628965232038     
          26          28  0.856004749401550     
          29          30  0.875727469277624     
          29          31  0.875220536366344     
          32          33  0.845208260078495     
          32          34  0.872101578310671     
