           1           2  0.969411200886174     
           2           4  0.961907508485410     
           2           5  0.982300741165760     
           3           5  0.827400136002970     
           2           7   1.01186599464902     
           6           7  0.969239122577546     
           7           9  0.944247441614887     
           8           9   1.45394786283591     
           5          10  0.866311730218220     
           8          11  0.196872404974320     
           9          11   1.48722809015973     
           5          12  0.850403214380061     
           7          13  0.953644782686561     
          14          15  0.862089708079126     
          14          16  0.878510037709908     
          17          18  0.877232919875650     
          17          19  0.869612686559810     
          20          21  0.836270985081335     
          20          22  0.874880397325951     
          23          24  0.862652426769831     
          23          25  0.874823142805104     
          26          27  0.849512170126636     
          26          28  0.869515283944597     
          29          30  0.861815830841802     
          29          31  0.869696630965463     
          32          33  0.868147559734705     
          32          34  0.865911769397734     
