   -0.12298695
    0.36507880
   -0.67209334
   -0.63256846
   -0.01265064
   -0.18753900
    0.08048851
    0.07413584
    0.07951135
    0.07552395
    0.28534567
    0.30348814
    0.29034609
   -0.68596073
    0.33550414
    0.30564078
   -0.66313654
    0.37147389
    0.34786920
   -0.67688932
    0.31410520
    0.35037685
   -0.68988193
    0.35928795
    0.34200458
   -0.68073844
    0.36553617
    0.35643468
   -0.65567061
    0.34702215
    0.32179653
   -0.67882818
    0.35364373
    0.33432991
