           1           2  0.940648340783914     
           2           3   1.40221770415490     
           2           4   1.54013619329413     
           3           4  0.194631772805524     
           1           5   1.01365341488714     
           5           6  0.989370453035137     
           1           7  0.956980624748399     
           1           8  0.954203086540565     
           5           9  0.969775056733245     
           5          10  0.972265666102669     
           6          11  0.857083107458135     
           6          12  0.802688010943916     
           6          13  0.847460376736751     
          14          15  0.853369467477864     
          14          16  0.874358691098761     
          17          18  0.858177126272983     
          17          19  0.875318191637175     
          20          21  0.833674278016088     
          20          22  0.873564235815968     
          23          24  0.868717449152680     
          23          25  0.851333261936139     
          26          27  0.864038467329256     
          26          28  0.869525956192306     
          29          30  0.833277380361739     
          29          31  0.861026169035839     
          32          33  0.870819212973188     
          32          34  0.833828374100707     
