    0.08766204
   -0.01510181
    0.30450904
    0.09199320
   -0.18233300
    0.04235224
   -0.11358465
   -0.63945909
    0.36634021
    0.28679622
   -0.64770489
    0.28995038
    0.05634586
   -0.68102835
    0.34974628
    0.34918780
   -0.65278339
    0.33985908
    0.31997655
   -0.67384351
    0.31738904
    0.34356446
   -0.67251836
    0.34734898
    0.35297502
   -0.68658234
    0.31511851
    0.35557281
   -0.67783390
    0.34837854
    0.34616449
   -0.67762462
    0.35076374
    0.35840341
