           1           2  0.968061613604229     
           2           4  0.968020806596862     
           2           5  0.992777759477174     
           3           5  0.834729401547237     
           2           7  0.998118434804158     
           6           7  0.971028189801460     
           7           9  0.934432099891683     
           8           9   1.48536119589124     
           5          10  0.827547382373220     
           8          11  0.203799827254327     
           9          11   1.46831256095069     
           5          12  0.849520460351204     
           7          13  0.974731656562986     
          14          15  0.845183186294278     
          14          16  0.875183382077282     
          17          18  0.813222128915726     
          17          19  0.854536963630290     
          20          21  0.861416707631072     
          20          22  0.829744464333868     
          23          24  0.841394345326543     
          23          25  0.868896720290569     
          26          27  0.840727342134940     
          26          28  0.869931056353048     
          29          30  0.846816272504440     
          29          31  0.876582137891437     
          32          33  0.830512903147383     
          32          34  0.864382459015064     
