    0.07077848
   -0.02019893
    0.29209503
    0.11842477
   -0.19492092
    0.04775410
   -0.11794910
   -0.63362489
    0.36281608
    0.28778141
   -0.65563516
    0.30256897
    0.06798097
   -0.70201046
    0.35253549
    0.34126281
   -0.68169845
    0.34633904
    0.35091049
   -0.69886858
    0.36261969
    0.35795385
   -0.67470215
    0.33211231
    0.33966759
   -0.69829411
    0.36169734
    0.35821668
   -0.67315142
    0.35876466
    0.34495957
   -0.66175548
    0.33606904
    0.31950128
