           1           2  0.974054819877326     
           2           4  0.953627562266742     
           2           5  0.978937190860945     
           3           5  0.902533323348020     
           2           7   1.01070881110096     
           6           7  0.974662948988441     
           7           9  0.932734703784738     
           8           9   1.44583981285533     
           5          10  0.825627800014713     
           8          11  0.205615781738755     
           9          11   1.52107727671071     
           5          12  0.812594043871422     
           7          13  0.957767634330830     
          14          15  0.872326046082726     
          14          16  0.826822749749733     
          17          18  0.806379555286402     
          17          19  0.870532012581866     
          20          21  0.866098892785521     
          20          22  0.869681730387314     
          23          24  0.855729780935021     
          23          25  0.838680418127109     
          26          27  0.867052614913633     
          26          28  0.869248876665729     
          29          30  0.867768769201965     
          29          31  0.833221598731923     
          32          33  0.838242606930167     
          32          34  0.864413179997985     
