   -0.17772267
   -0.02281435
   -0.07315748
   -0.11001631
    0.36756236
   -0.64349234
   -0.61450257
    0.30309676
    0.28614339
    0.09363146
    0.07776530
    0.05977712
    0.07181463
    0.07479588
    0.04295435
    0.28703550
   -0.70828536
    0.33592401
    0.34170226
   -0.66175487
    0.35774422
    0.33554660
   -0.68207286
    0.34095162
    0.31312369
   -0.67357277
    0.36814545
    0.35133206
   -0.66616703
    0.34248684
    0.36284515
   -0.67935498
    0.34782929
    0.30870687
   -0.68836389
    0.34129223
    0.33550522
   -0.65177103
    0.33942325
    0.31670079
   -0.68719956
    0.34784010
    0.30861428
   -0.66540336
    0.32605722
    0.31930355
