   -0.18057030
   -0.02639508
   -0.07284782
   -0.10377785
    0.36675325
   -0.63163428
   -0.61994527
    0.31187385
    0.27969790
    0.11615681
    0.08741155
    0.05583556
    0.06467713
    0.04485484
    0.02767808
    0.28280243
   -0.67352020
    0.32620995
    0.31779948
   -0.67095107
    0.35186555
    0.35995171
   -0.68338863
    0.32741980
    0.34382534
   -0.67414925
    0.32390733
    0.32243651
   -0.67716221
    0.35041066
    0.34007023
   -0.68157437
    0.36218172
    0.36440036
   -0.68046799
    0.33812793
    0.31003637
