           1           2  0.977664537689319     
           2           3   1.01074505852409     
           3           4  0.990133433021345     
           4           5  0.942541812215272     
           5           6   1.50780684097945     
           5           7   1.43697941177107     
           6           7  0.200473578432972     
           1           8  0.807897178656355     
           1           9  0.907286429007905     
           2          10  0.961540947239580     
           2          11  0.968489693912034     
           3          12  0.974628236057428     
           3          13  0.973702771802200     
           4          14  0.974993306003170     
           4          15  0.977700081613960     
           1          16  0.843864095912066     
          17          18  0.856078180287639     
          17          19  0.850830881937022     
          20          21  0.813953769846144     
          20          22  0.862464626889603     
          23          24  0.842198581416165     
          23          25  0.847913851401953     
          26          27  0.846122587612423     
          26          28  0.851820743280244     
          29          30  0.872594422865634     
          29          31  0.836852353381511     
          32          33  0.867512316538951     
          32          34  0.864060730929744     
          35          36  0.821570171286997     
          35          37  0.869768926891006     
