   -0.19334507
   -0.02175143
   -0.07765303
   -0.10348656
    0.36163216
   -0.64678184
   -0.63336317
    0.29095790
    0.29270358
    0.09569793
    0.08396593
    0.06617942
    0.06488152
    0.05014693
    0.02550437
    0.27032296
   -0.70755013
    0.35025183
    0.35929306
   -0.67106642
    0.34853013
    0.32540230
   -0.67141829
    0.34587190
    0.31736361
   -0.70073693
    0.36405400
    0.35806744
   -0.65271721
    0.33066430
    0.33463351
   -0.66219255
    0.34442562
    0.33750832
   -0.69895479
    0.36601859
    0.35694011
