           1           2  0.981630036127106     
           2           3   1.01323611040793     
           3           4   1.00228909510024     
           4           5  0.945758563934915     
           5           6   1.53990057381130     
           5           7   1.39323348434355     
           6           7  0.192565421939744     
           1           8  0.827721568093767     
           1           9  0.827570809945567     
           2          10  0.969396968952653     
           2          11  0.970206131693452     
           3          12  0.968480758841178     
           3          13  0.968730556532150     
           4          14  0.954667021800160     
           4          15  0.975703558235859     
           1          16  0.850928960874462     
          17          18  0.876703023368277     
          17          19  0.870235111536370     
          20          21  0.874709732419183     
          20          22  0.869665070769476     
          23          24  0.875571780551065     
          23          25  0.854611662965034     
          26          27  0.864703390354875     
          26          28  0.868743623416824     
          29          30  0.854585128640431     
          29          31  0.855589291530427     
          32          33  0.854325999805765     
          32          34  0.855927197420670     
          35          36  0.864040850370251     
          35          37  0.870442476237949     
