   -0.18705519
   -0.06584273
   -0.09317614
   -0.12660193
    0.36538253
   -0.63807587
   -0.65448870
    0.29588362
    0.31466149
    0.13717740
    0.11267217
    0.07471623
    0.08432217
    0.06675816
    0.08029770
    0.30416597
   -0.68960194
    0.31649238
    0.34733535
   -0.68773720
    0.34014674
    0.33128653
   -0.69341693
    0.32550692
    0.35614563
   -0.65381357
    0.32166587
    0.32385849
   -0.70185606
    0.34704447
    0.35169345
   -0.69205154
    0.34725296
    0.34147552
   -0.67233228
    0.34216676
    0.33517432
   -0.66842884
    0.34795745
    0.30829040
   -0.69509064
    0.34931975
    0.31880356
   -0.68823809
    0.37151745
    0.32056293
   -0.68982176
    0.33182867
    0.34183485
   -0.68223802
    0.33786399
    0.35383319
   -0.71298266
    0.34984993
    0.33774960
   -0.69532858
    0.33227933
    0.33279263
   -0.70230879
    0.35876176
    0.34343192
   -0.68408995
    0.34916583
    0.34254455
   -0.67621245
    0.32250937
    0.35481356
   -0.67901641
    0.34798684
    0.34611727
   -0.67318038
    0.32554989
    0.33546733
   -0.63287323
    0.32052059
    0.34410254
   -0.67915960
    0.33433010
    0.34168304
   -0.67430188
    0.32433914
    0.33622639
   -0.70626660
    0.36517351
    0.32071518
   -0.68428318
    0.34695479
    0.34667247
   -0.65512905
    0.33911171
    0.33663787
   -0.66899543
    0.34713364
    0.34903022
   -0.70234216
    0.33805387
    0.35223213
   -0.66334451
    0.32540358
    0.32915654
   -0.67240271
    0.31372075
    0.34915711
   -0.67754790
    0.33881915
    0.32697211
   -0.65976415
    0.34038920
    0.32976991
   -0.67126278
    0.33704597
    0.34423801
   -0.70127292
    0.36596635
    0.34357059
   -0.64583970
    0.33201015
    0.32192085
   -0.67516015
    0.36527421
    0.33315259
   -0.69245562
    0.34111032
    0.32154275
   -0.64461220
    0.33438009
    0.34109058
   -0.69599199
    0.35094232
    0.32612356
   -0.68541602
    0.35077022
    0.32701345
   -0.68571924
    0.33772375
    0.34269798
   -0.67763290
    0.35660985
    0.31028008
   -0.71841993
    0.33426212
    0.36246236
   -0.67647821
    0.34325360
    0.34214292
   -0.66951240
    0.32899407
    0.35990176
   -0.68178378
    0.33999706
    0.36895914
   -0.69619955
    0.34141027
    0.35491300
   -0.68404899
    0.34409627
    0.33803104
   -0.69391100
    0.35862065
    0.34049622
   -0.69711610
    0.34326337
    0.34291576
   -0.64623524
    0.35302793
    0.31783414
