    0.08885366
   -0.01911136
    0.29470385
    0.09604501
   -0.18819258
    0.05793519
   -0.11985466
   -0.61963930
    0.36518421
    0.27916175
   -0.65606212
    0.29187048
    0.08048058
   -0.68300359
    0.35590688
    0.32285366
   -0.68623965
    0.31494991
    0.34930643
   -0.68441192
    0.32605022
    0.35298210
   -0.69900585
    0.34310116
    0.33783615
   -0.69571978
    0.35952716
    0.36473922
   -0.65859742
    0.33335098
    0.35515057
   -0.66386266
    0.34038827
    0.36332344
