           1           2  0.966411243805696     
           2           4  0.969136495890090     
           2           5  0.982209004147606     
           3           5  0.838711701294970     
           2           7   1.01186134859071     
           6           7  0.967645950408807     
           7           9  0.943319706942754     
           8           9   1.48970773190224     
           5          10  0.854698339138591     
           8          11  0.198246668454816     
           9          11   1.45902076778341     
           5          12  0.832068753726385     
           7          13  0.948737518649147     
          14          15  0.868938345076964     
          14          16  0.847887749818726     
          17          18  0.826107507329865     
          17          19  0.874067536767225     
          20          21  0.847555733256338     
          20          22  0.871182720585551     
          23          24  0.881476152129621     
          23          25  0.853811917200708     
          26          27  0.867853203488481     
          26          28  0.863285388535890     
          29          30  0.853282364358926     
          29          31  0.871258104134134     
          32          33  0.841527032838017     
          32          34  0.861685220408698     
