   -0.15975014
   -0.02309787
   -0.07685544
   -0.10017266
    0.36149078
   -0.64213018
   -0.67480396
    0.29491076
    0.30625018
    0.09095160
    0.07801625
    0.06961339
    0.05970746
    0.02985297
    0.02571962
    0.30219568
   -0.67932181
    0.34241134
    0.33197970
   -0.67813868
    0.34996386
    0.35142293
   -0.67559248
    0.34490251
    0.35398008
   -0.65044054
    0.34579467
    0.31534701
   -0.68518605
    0.34458316
    0.34562657
   -0.70841939
    0.33965710
    0.34442139
   -0.68108775
    0.35652122
    0.34967675
