           1           2  0.990084618537616     
           2           3   1.00791509542321     
           3           4   1.00998909188768     
           4           5  0.929487916088068     
           5           6   1.46293198975098     
           5           7   1.49921309332847     
           6           7  0.205166630436490     
           1           8  0.859979045556622     
           1           9  0.833001839470821     
           2          10  0.970088957971755     
           2          11  0.969564063299222     
           3          12  0.968209481200383     
           3          13  0.975885856350604     
           4          14  0.969246971334602     
           4          15  0.964573886291796     
           1          16  0.868155111700027     
          17          18  0.840155166335663     
          17          19  0.863259912733237     
          20          21  0.869976378109501     
          20          22  0.849585225559630     
          23          24  0.872056095994555     
          23          25  0.822280869357049     
          26          27  0.873628628087246     
          26          28  0.856658901535684     
          29          30  0.875390790076968     
          29          31  0.835652265650188     
          32          33  0.849651630180597     
          32          34  0.881211016199830     
          35          36  0.822588809746783     
          35          37  0.871200806209143     
