    0.10273164
   -0.02644655
    0.30187041
    0.10978819
   -0.17968044
    0.09075391
   -0.12397524
   -0.60582944
    0.36550404
    0.30486066
   -0.63685806
    0.29187442
    0.08879768
   -0.67587160
    0.33288843
    0.33307990
   -0.67342830
    0.35633901
    0.31960080
   -0.69182071
    0.34003155
    0.32468408
   -0.68740474
    0.31993074
    0.34635989
   -0.69732604
    0.34489787
    0.31570782
   -0.66772317
    0.35646372
    0.33147531
   -0.69292637
    0.35226357
    0.32938701
