           1           2  0.964406084483153     
           2           4  0.965758991797663     
           2           5  0.966719592355068     
           3           5  0.896857995160795     
           2           7   1.01337325128834     
           6           7  0.953765694445716     
           7           9  0.954932787637174     
           8           9   1.48797093051627     
           5          10  0.813224813294050     
           8          11  0.193038431810312     
           9          11   1.44289236926764     
           5          12  0.901402149773138     
           7          13  0.945588105899590     
          14          15  0.853513654502570     
          14          16  0.859511994076681     
          17          18  0.866318211288928     
          17          19  0.828015176606785     
          20          21  0.882923691126600     
          20          22  0.851984819454490     
          23          24  0.864295010775366     
          23          25  0.878644952331130     
          26          27  0.880793297519000     
          26          28  0.850747091016569     
          29          30  0.868932734813772     
          29          31  0.851658586650743     
          32          33  0.868310218482555     
          32          34  0.849792231084643     
