   -0.17089584
   -0.02194576
   -0.07866465
   -0.09979991
    0.36152540
   -0.63029624
   -0.66145422
    0.30212693
    0.28825590
    0.09528774
    0.07730492
    0.07173311
    0.06644288
    0.03395848
    0.03348728
    0.30668491
   -0.70241417
    0.35505123
    0.34808430
   -0.71414240
    0.35501419
    0.35912817
   -0.67692397
    0.36948093
    0.35953702
   -0.71020453
    0.33399626
    0.35948858
   -0.70456861
    0.36348837
    0.35779997
   -0.65877781
    0.35213191
    0.31818786
   -0.69799012
    0.30775152
    0.35213038
