           1           2  0.983621030196823     
           2           3   1.00829970730478     
           3           4   1.00914788493039     
           4           5  0.934959143105874     
           5           6   1.48708046933256     
           5           7   1.46563603286007     
           6           7  0.202667170706703     
           1           8  0.843680045737172     
           1           9  0.903006691530464     
           2          10  0.970028248263431     
           2          11  0.970811605750793     
           3          12  0.966738497654247     
           3          13  0.973974786135620     
           4          14  0.972822592360407     
           4          15  0.960569085017240     
           1          16  0.823468574324070     
          17          18  0.873727151697845     
          17          19  0.878705704545315     
          20          21  0.873870899660376     
          20          22  0.870932958880514     
          23          24  0.860566199513678     
          23          25  0.867398816875533     
          26          27  0.864049667182840     
          26          28  0.870670868711633     
          29          30  0.864760664059133     
          29          31  0.869325862009966     
          32          33  0.868958098905416     
          32          34  0.859296431251335     
          35          36  0.853693670359919     
          35          37  0.875865858306539     
