           1           2  0.977990446603875     
           2           3   1.01255591446537     
           3           4   1.00365579182988     
           4           5  0.936955160779362     
           5           6   1.50828436073935     
           5           7   1.44938109046558     
           6           7  0.201333980761651     
           1           8  0.864367120211356     
           1           9  0.844825705184073     
           2          10  0.957474653413449     
           2          11  0.971663477692319     
           3          12  0.971429947408446     
           3          13  0.965150532724856     
           4          14  0.958433337467406     
           4          15  0.977406205967499     
           1          16  0.815777589162468     
          17          18  0.825693799820279     
          17          19  0.861821175386550     
          20          21  0.868653651406770     
          20          22  0.862963341958264     
          23          24  0.858987245543497     
          23          25  0.845572013798065     
          26          27  0.876505987422673     
          26          28  0.836420882280124     
          29          30  0.880700698232411     
          29          31  0.850570199868145     
          32          33  0.867210372992173     
          32          34  0.877450911008875     
          35          36  0.868280546936517     
          35          37  0.813622897083808     
