   -0.19082197
   -0.01948983
   -0.06985579
   -0.10561096
    0.36271586
   -0.66224978
   -0.63870684
    0.29600390
    0.29933891
    0.11305542
    0.05614726
    0.04002927
    0.07129359
    0.05050401
    0.01755979
    0.26828951
   -0.69029464
    0.35799996
    0.35306602
   -0.67942334
    0.36487303
    0.36327403
   -0.67759632
    0.32887535
    0.34261588
   -0.67519227
    0.35465457
    0.35115009
   -0.66642413
    0.35941937
    0.34037593
   -0.65887663
    0.34817268
    0.33050792
   -0.71516447
    0.33542724
    0.34435742
