           1           2  0.985993816755041     
           2           3   1.00929112769091     
           3           4  0.993761534891791     
           4           5  0.934032720614999     
           5           6   1.51526336390730     
           5           7   1.45013228956928     
           6           7  0.206442388758816     
           1           8  0.847264854317080     
           1           9  0.807950641062019     
           2          10  0.959367040673376     
           2          11  0.975421853947913     
           3          12  0.976955314425402     
           3          13  0.973193022634235     
           4          14  0.972256134639614     
           4          15  0.979945665418208     
           1          16  0.853223219229228     
          17          18  0.868777399731758     
          17          19  0.873109099566051     
          20          21  0.863572861746450     
          20          22  0.863767551890978     
          23          24  0.856226283244178     
          23          25  0.845877894923801     
          26          27  0.865884720072484     
          26          28  0.830218246118608     
          29          30  0.864426718104979     
          29          31  0.846153156021332     
          32          33  0.839237506532386     
          32          34  0.859495176214034     
          35          36  0.838522737869905     
          35          37  0.881195461273156     
