   -0.19352486
   -0.02238070
   -0.07701388
   -0.10097752
    0.36504603
   -0.64388181
   -0.59555977
    0.29241520
    0.29056974
    0.09604107
    0.08152185
    0.05846435
    0.06587631
    0.04625989
    0.03436880
    0.27975526
   -0.68761380
    0.35362571
    0.34687718
   -0.68147196
    0.33178021
    0.35470788
   -0.65114401
    0.32805428
    0.32604444
   -0.68875454
    0.35283452
    0.31901595
   -0.70465727
    0.32914024
    0.34443092
   -0.66254007
    0.33859582
    0.35926786
   -0.68296357
    0.35309654
    0.34469371
