           1           2  0.986588148928153     
           2           3   1.00909261254888     
           3           4   1.00940414485629     
           4           5  0.947304539500804     
           5           6   1.48843066673986     
           5           7   1.44681735171687     
           6           7  0.195762357055469     
           1           8  0.832726284503158     
           1           9  0.832871859515573     
           2          10  0.970411389043650     
           2          11  0.970561937231931     
           3          12  0.973656038914529     
           3          13  0.971419278901493     
           4          14  0.960266627161271     
           4          15  0.963553232305133     
           1          16  0.836077502251693     
          17          18  0.872517729203459     
          17          19  0.842898947059222     
          20          21  0.839311305666130     
          20          22  0.870499490698975     
          23          24  0.832459730656590     
          23          25  0.856787506312680     
          26          27  0.871664248869274     
          26          28  0.843162845273749     
          29          30  0.848521433758844     
          29          31  0.881132297908301     
          32          33  0.826920381353545     
          32          34  0.864326521184263     
          35          36  0.870846968778087     
          35          37  0.828414241367929     
