   -0.17661897
   -0.02845038
   -0.07138922
   -0.10258766
    0.36560550
   -0.63799789
   -0.62670822
    0.29359229
    0.28863612
    0.10374461
    0.10198262
    0.06314687
    0.06041017
    0.04602749
    0.02489058
    0.27510411
   -0.66449501
    0.32884095
    0.32875835
   -0.70250544
    0.35347050
    0.35371118
   -0.68503680
    0.35766364
    0.35978213
   -0.71043427
    0.33075699
    0.35065511
   -0.66544646
    0.32323666
    0.36228496
   -0.67063382
    0.31604818
    0.35446615
   -0.68386198
    0.34928601
    0.33406496
