           1           2  0.977090809781750     
           2           3   1.01189630292410     
           3           4  0.989151967233202     
           4           5  0.949579081019125     
           5           6   1.48920969023772     
           5           7   1.43970971297010     
           6           7  0.196233601034798     
           1           8  0.866347731628614     
           1           9  0.835673552190677     
           2          10  0.963427446513965     
           2          11  0.960659394809759     
           3          12  0.971092353664215     
           3          13  0.972496324961206     
           4          14  0.972760721750294     
           4          15  0.977298556311452     
           1          16  0.848790456415470     
          17          18  0.854064818286242     
          17          19  0.873878640471771     
          20          21  0.874049027648267     
          20          22  0.873607391869318     
          23          24  0.870875313779216     
          23          25  0.869327880683513     
          26          27  0.850654972653678     
          26          28  0.876839944964868     
          29          30  0.852846192791834     
          29          31  0.864796900877396     
          32          33  0.844877529231564     
          32          34  0.868427039119566     
          35          36  0.874862842241320     
          35          37  0.851772004993933     
