   -0.18122386
   -0.03304919
   -0.06739551
   -0.10167634
    0.35999508
   -0.65995749
   -0.68760670
    0.29693404
    0.27013832
    0.09071204
    0.11836589
    0.05625835
    0.03506605
    0.02232603
    0.04166688
    0.31742456
   -0.67187380
    0.35048325
    0.34326871
   -0.67061793
    0.35820609
    0.34880688
   -0.68089559
    0.34961525
    0.35458879
   -0.68728442
    0.35446716
    0.35459113
   -0.65098868
    0.34668682
    0.35909653
   -0.68036919
    0.33619162
    0.33062998
   -0.69213038
    0.33634551
    0.33320414
