           1           2  0.985890019960005     
           2           3   1.00801833884016     
           3           4   1.00893300888190     
           4           5  0.928810270003035     
           5           6   1.49376457944099     
           5           7   1.47592373297568     
           6           7  0.208716396444747     
           1           8  0.834961098870697     
           1           9  0.911339023865444     
           2          10  0.968084488123891     
           2          11  0.957486087705707     
           3          12  0.972410600415070     
           3          13  0.976288931070781     
           4          14  0.973345698670901     
           4          15  0.962015474708885     
           1          16  0.792115761362763     
          17          18  0.870262547630973     
          17          19  0.836193202507068     
          20          21  0.810076462425131     
          20          22  0.869534547667803     
          23          24  0.829043393701484     
          23          25  0.866993009018941     
          26          27  0.870073246393588     
          26          28  0.841418450914333     
          29          30  0.868691691298085     
          29          31  0.816165611756810     
          32          33  0.860618649929153     
          32          34  0.888785121413644     
          35          36  0.848292603853238     
          35          37  0.886277977742460     
