    0.08684429
   -0.01848757
    0.30031056
    0.09713651
   -0.18351364
    0.05805914
   -0.11884414
   -0.63974443
    0.36367462
    0.28486387
   -0.64526242
    0.28912063
    0.06458274
   -0.70594740
    0.33347101
    0.34551080
   -0.69417625
    0.33869071
    0.35465129
   -0.68027080
    0.35977514
    0.36421736
   -0.68537270
    0.36067428
    0.35132236
   -0.67126258
    0.32368321
    0.35175972
   -0.70483335
    0.35424912
    0.32573939
   -0.66318352
    0.35851855
    0.34404350
