           1           2  0.970215926188615     
           2           4  0.969274927197240     
           2           5  0.982393857738748     
           3           5  0.837888922905673     
           2           7   1.01249281908249     
           6           7  0.968048550010644     
           7           9  0.936894811131557     
           8           9   1.41507371398038     
           5          10  0.850065201056971     
           8          11  0.198419596453073     
           9          11   1.53779035768099     
           5          12  0.845546342043544     
           7          13  0.956047747576897     
          14          15  0.850892268849591     
          14          16  0.880476675349349     
          17          18  0.844529778800737     
          17          19  0.871322813613588     
          20          21  0.868006176842795     
          20          22  0.864717500896156     
          23          24  0.868570382616617     
          23          25  0.874929662642504     
          26          27  0.849628317937647     
          26          28  0.872152989235310     
          29          30  0.874380661392206     
          29          31  0.859395544994067     
          32          33  0.866346508885011     
          32          34  0.831913220228468     
