   -0.18371024
   -0.01777812
   -0.07847210
   -0.09876796
    0.36229763
   -0.62175826
   -0.65912870
    0.28999169
    0.29779219
    0.08863871
    0.07133904
    0.07273134
    0.06349639
    0.03546550
    0.03410011
    0.29242970
   -0.68510208
    0.32187929
    0.35228632
   -0.66254052
    0.31924662
    0.35538801
   -0.69912017
    0.36637382
    0.35851334
   -0.67703066
    0.31606005
    0.34013724
   -0.66558999
    0.35636667
    0.33503142
   -0.67721184
    0.36689685
    0.35256093
   -0.69858086
    0.35180302
    0.32396562
