           1           2  0.988686063436768     
           2           3   1.00781179892780     
           3           4   1.00943338511253     
           4           5  0.941898424189627     
           5           6   1.49181707922682     
           5           7   1.45500539461386     
           6           7  0.201738370446001     
           1           8  0.848008520572495     
           1           9  0.829378904720115     
           2          10  0.971325587849324     
           2          11  0.971785215186733     
           3          12  0.966696811766070     
           3          13  0.975078173011544     
           4          14  0.970938048359395     
           4          15  0.959564424170612     
           1          16  0.845434848631707     
          17          18  0.847703783866892     
          17          19  0.873209162347936     
          20          21  0.856231064493475     
          20          22  0.869306175258891     
          23          24  0.863116395686419     
          23          25  0.869155755688462     
          26          27  0.826634246303470     
          26          28  0.880700490675488     
          29          30  0.869359201630930     
          29          31  0.849144825894534     
          32          33  0.862818781775214     
          32          34  0.873164428473450     
          35          36  0.876157171391367     
          35          37  0.862811820375417     
