   -0.18217639
   -0.02593125
   -0.08102608
   -0.09935036
    0.36401900
   -0.63899909
   -0.64695213
    0.30228643
    0.30208845
    0.08922217
    0.08658565
    0.08049735
    0.06688461
    0.03588595
    0.04329022
    0.29516749
   -0.70428463
    0.36057311
    0.36661945
   -0.68405192
    0.35298695
    0.33742364
   -0.66948794
    0.34923387
    0.30935029
   -0.68395880
    0.30277314
    0.35564785
   -0.66813245
    0.33897536
    0.34702508
   -0.69825094
    0.35209166
    0.30754054
   -0.65506299
    0.36447657
    0.32702012
