           1           2  0.985003525951110     
           2           3   1.00881697989076     
           3           4   1.00948207423750     
           4           5  0.943355182338935     
           5           6   1.44406950613866     
           5           7   1.48637345339195     
           6           7  0.191862578082387     
           1           8  0.820158866035356     
           1           9  0.830499157407368     
           2          10  0.970149323749283     
           2          11  0.969848835252201     
           3          12  0.959466449179542     
           3          13  0.971839308787055     
           4          14  0.967150075002319     
           4          15  0.959304364821699     
           1          16  0.899921880877142     
          17          18  0.867288791418106     
          17          19  0.862534126613419     
          20          21  0.872122330892181     
          20          22  0.851050949663564     
          23          24  0.872396112638782     
          23          25  0.855920407631295     
          26          27  0.869943145972499     
          26          28  0.873098356348770     
          29          30  0.841000935123427     
          29          31  0.872658785190465     
          32          33  0.875903428678426     
          32          34  0.853036439683284     
          35          36  0.864750648021614     
          35          37  0.861463498948687     
