    0.07824384
   -0.01511661
    0.29863040
    0.09500402
   -0.18753241
    0.04860090
   -0.11995924
   -0.61925528
    0.36528934
    0.28415306
   -0.64190060
    0.29733731
    0.08797284
   -0.68452964
    0.35497553
    0.32641622
   -0.67405500
    0.35481049
    0.32319380
   -0.68134595
    0.31926886
    0.34862347
   -0.68469213
    0.35864659
    0.32530877
   -0.67799089
    0.33696319
    0.35199977
   -0.66989899
    0.33333609
    0.35893118
   -0.67669709
    0.32801619
    0.35725194
