           1           2  0.972342311285823     
           2           4  0.969344348891591     
           2           5  0.985002056377869     
           3           5  0.843734847274527     
           2           7   1.00989782276735     
           6           7  0.972428744417075     
           7           9  0.947556830363192     
           8           9   1.45458716395496     
           5          10  0.852649692049723     
           8          11  0.197602410777998     
           9          11   1.48301394062941     
           5          12  0.827792477004736     
           7          13  0.943621650440683     
          14          15  0.871201510988255     
          14          16  0.842619676811065     
          17          18  0.869308607232207     
          17          19  0.849779719824730     
          20          21  0.830560601929094     
          20          22  0.874858433113243     
          23          24  0.868315826392031     
          23          25  0.846675900340638     
          26          27  0.844875277684020     
          26          28  0.870415778727479     
          29          30  0.844114951444064     
          29          31  0.866516061562383     
          32          33  0.858049121479381     
          32          34  0.869725735516635     
