   -0.18696414
   -0.02028096
   -0.07183652
   -0.10365107
    0.36617309
   -0.61905938
   -0.63523522
    0.28392659
    0.29152845
    0.09697553
    0.07683370
    0.05274719
    0.07549401
    0.05187789
    0.04225510
    0.30038721
   -0.66372833
    0.30826498
    0.35074563
   -0.67886169
    0.32717956
    0.35615285
   -0.67360497
    0.34324619
    0.31229926
   -0.67844888
    0.33449949
    0.31041763
   -0.68850734
    0.35043886
    0.30723924
   -0.66621870
    0.33934094
    0.35253915
   -0.68586728
    0.35993260
    0.35944701
   -0.69135326
    0.35407274
    0.30538718
   -0.66402282
    0.35598996
    0.33670823
   -0.70147979
    0.36497565
    0.36204441
