           1           2  0.988692670139712     
           2           3   1.00988603651849     
           3           4  0.986276829866302     
           4           5  0.959888302611223     
           5           6   1.46990441381066     
           5           7   1.43894908425736     
           6           7  0.187190034595508     
           1           8  0.859799734685297     
           1           9  0.833382836372908     
           2          10  0.964046485075774     
           2          11  0.970004409961510     
           3          12  0.976294339549395     
           3          13  0.969045390423912     
           4          14  0.969014113832884     
           4          15  0.973209830970397     
           1          16  0.820055321936216     
          17          18  0.856473873985665     
          17          19  0.873582727592482     
          20          21  0.853493072551525     
          20          22  0.869893007290730     
          23          24  0.880066478524375     
          23          25  0.871816434780793     
          26          27  0.886011227150476     
          26          28  0.856731568056061     
          29          30  0.875979324958405     
          29          31  0.859480992524362     
          32          33  0.847243047570334     
          32          34  0.872148699691422     
          35          36  0.866871386846836     
          35          37  0.867335936888318     
          38          39  0.874374295240950     
          38          40  0.860229482881042     
          41          42  0.870268535798905     
          41          43  0.843241970964890     
          44          45  0.864064949344414     
          44          46  0.866414498516462     
