           1           2  0.987919165115556     
           2           3   1.01154586849062     
           3           4  0.987236712525540     
           4           5  0.964111963131481     
           5           6   1.42446750702719     
           5           7   1.47524386300184     
           6           7  0.184076760390701     
           1           8  0.814433942107281     
           1           9  0.860463821897845     
           2          10  0.968587961643723     
           2          11  0.969173239380935     
           3          12  0.968313548462130     
           3          13  0.969435482519255     
           4          14  0.967028653412392     
           4          15  0.964526170602423     
           1          16  0.851505193263705     
          17          18  0.844410381609592     
          17          19  0.882981740376668     
          20          21  0.866867767598420     
          20          22  0.850470186833819     
          23          24  0.880246414388989     
          23          25  0.861731368896706     
          26          27  0.861268693361743     
          26          28  0.872174712960077     
          29          30  0.849561250051104     
          29          31  0.865918642474557     
          32          33  0.877550037520432     
          32          34  0.863284458299936     
          35          36  0.881670386571828     
          35          37  0.862281079305149     
          38          39  0.838254676529613     
          38          40  0.852124486432886     
          41          42  0.876857406863347     
          41          43  0.849229591630577     
          44          45  0.870463307031654     
          44          46  0.848114649540682     
