           1           2  0.964338395129845     
           2           4  0.965251438720735     
           2           5  0.978669448663508     
           3           5  0.811757992124295     
           2           7   1.01241056142823     
           6           7  0.973338880095715     
           7           9  0.929252552653044     
           8           9   1.44787009885657     
           5          10  0.823874319737041     
           8          11  0.206174923700005     
           9          11   1.52279436707032     
           5          12  0.909723111010257     
           7          13  0.959844337109946     
          14          15  0.870943056080146     
          14          16  0.836964511900838     
          17          18  0.874150008038837     
          17          19  0.831511643487973     
          20          21  0.888156550291922     
          20          22  0.862439616783921     
          23          24  0.826952797889302     
          23          25  0.813955975748920     
          26          27  0.873237227572932     
          26          28  0.835378792503813     
          29          30  0.835295912935204     
          29          31  0.873144209561269     
          32          33  0.872435599769887     
          32          34  0.806492991777210     
