   -0.17071872
   -0.02616826
   -0.07134739
   -0.10133498
    0.36234939
   -0.63010177
   -0.66097980
    0.29224562
    0.29243943
    0.09110222
    0.09191497
    0.05555725
    0.06139554
    0.04301083
    0.04018997
    0.30221675
   -0.67992047
    0.34838491
    0.36630804
   -0.70033785
    0.36111086
    0.35526373
   -0.68302361
    0.36389752
    0.35867817
   -0.70131022
    0.31083750
    0.35533960
   -0.68053362
    0.35854203
    0.35550376
   -0.69606646
    0.30377245
    0.34781938
   -0.69944702
    0.35457999
    0.32883025
