           1           2  0.986157094754972     
           2           3   1.00877624670274     
           3           4   1.00926756450439     
           4           5  0.941158930935654     
           5           6   1.48794499104760     
           5           7   1.45869675438861     
           6           7  0.200123429347982     
           1           8  0.852907561130817     
           1           9  0.853190558233938     
           2          10  0.969435119295920     
           2          11  0.969260889937110     
           3          12  0.974473407356660     
           3          13  0.971973812192794     
           4          14  0.960290791640439     
           4          15  0.966592112668306     
           1          16  0.841738307009033     
          17          18  0.873529326511609     
          17          19  0.862962660740901     
          20          21  0.867227459462860     
          20          22  0.871028368624280     
          23          24  0.864031517397595     
          23          25  0.866947863106893     
          26          27  0.855004637454575     
          26          28  0.873652780611902     
          29          30  0.866471912691245     
          29          31  0.869732572960019     
          32          33  0.848296229531624     
          32          34  0.878713308423335     
          35          36  0.874209765902527     
          35          37  0.868626796867133     
