   -0.18074866
   -0.02667895
   -0.07427900
   -0.10850501
    0.36607779
   -0.65187873
   -0.61290783
    0.29955431
    0.27791471
    0.09596554
    0.09647848
    0.05541586
    0.05412989
    0.06954650
    0.03064546
    0.29493918
   -0.69013141
    0.34436657
    0.35891363
   -0.66458325
    0.32399939
    0.33535975
   -0.63578468
    0.35874135
    0.33125252
   -0.69285995
    0.32917022
    0.30946368
   -0.67780964
    0.35173454
    0.34240184
   -0.69340719
    0.34831105
    0.33931270
   -0.67000196
    0.35047251
    0.31540877
