           1           2  0.980228292038865     
           2           3   1.01177219088911     
           3           4   1.00963717635925     
           4           5  0.943582349856866     
           5           6   1.44729060802948     
           5           7   1.48448565590437     
           6           7  0.192342669922695     
           1           8  0.854926539142717     
           1           9  0.857970487413628     
           2          10  0.969672126898861     
           2          11  0.968754155241215     
           3          12  0.972690295172143     
           3          13  0.972081281077362     
           4          14  0.957560470068399     
           4          15  0.962664576143690     
           1          16  0.822546509809857     
          17          18  0.821663089032621     
          17          19  0.865161751114027     
          20          21  0.871085569114320     
          20          22  0.844256889021737     
          23          24  0.847080499718617     
          23          25  0.844176578361630     
          26          27  0.855666997259506     
          26          28  0.864112390443332     
          29          30  0.868176447994179     
          29          31  0.832694514591568     
          32          33  0.874336721895580     
          32          34  0.854046936804017     
          35          36  0.873273045673735     
          35          37  0.850817235436282     
