   -0.18915188
   -0.02290113
   -0.07792339
   -0.09862613
    0.36201957
   -0.61713837
   -0.65272701
    0.30733236
    0.28211149
    0.08525275
    0.09023555
    0.07268690
    0.05476880
    0.04010989
    0.03169082
    0.30502114
   -0.67859091
    0.35042581
    0.34838248
   -0.66819043
    0.35740955
    0.35330299
   -0.68042809
    0.35762351
    0.31987699
   -0.68777479
    0.31983179
    0.34429876
   -0.68339211
    0.34645051
    0.35303309
   -0.64730220
    0.35078661
    0.32056022
   -0.68907075
    0.32518186
    0.31482374
