           1           2  0.987565009980416     
           2           3   1.00766116265509     
           3           4   1.00949719631006     
           4           5  0.942294780190563     
           5           6   1.44764757478894     
           5           7   1.49561807591061     
           6           7  0.200550315254878     
           1           8  0.800016541355905     
           1           9  0.906602580306123     
           2          10  0.971822870697866     
           2          11  0.967396782479822     
           3          12  0.967653419129897     
           3          13  0.976507931268680     
           4          14  0.961906697117525     
           4          15  0.966325770109554     
           1          16  0.825089607416324     
          17          18  0.847389301921142     
          17          19  0.874563961752383     
          20          21  0.863420829916056     
          20          22  0.834516687225270     
          23          24  0.867884950765222     
          23          25  0.830435313555835     
          26          27  0.864372172979364     
          26          28  0.881346960316855     
          29          30  0.863338617002726     
          29          31  0.870379081781802     
          32          33  0.836011312618167     
          32          34  0.870184099268784     
          35          36  0.863324584477751     
          35          37  0.862682875540199     
