    0.07931737
   -0.01548739
    0.30439003
    0.09568797
   -0.18991755
    0.05787214
   -0.11722872
   -0.61187284
    0.36458655
    0.28212122
   -0.64042440
    0.28580725
    0.07067848
   -0.68586481
    0.35917624
    0.36677882
   -0.68597573
    0.35354060
    0.33060314
   -0.69336052
    0.33259055
    0.32131777
   -0.69925102
    0.34806520
    0.31059636
   -0.64554385
    0.33337562
    0.33960848
   -0.69643297
    0.36509260
    0.35708116
   -0.70142144
    0.36208080
    0.36241289
