           1           2  0.972020612839488     
           2           4  0.968843050460117     
           2           5  0.988062221542772     
           3           5  0.797600818217923     
           2           7   1.00881522172801     
           6           7  0.969810644861913     
           7           9  0.944956272016962     
           8           9   1.45677967669864     
           5          10  0.861824744630272     
           8          11  0.199867218358298     
           9          11   1.49184954469713     
           5          12  0.851042707488084     
           7          13  0.953987919789540     
          14          15  0.868052688578613     
          14          16  0.862749613105427     
          17          18  0.871160830062617     
          17          19  0.852214018350871     
          20          21  0.888956459086878     
          20          22  0.843374601591710     
          23          24  0.878155472494346     
          23          25  0.847473716533829     
          26          27  0.852318486961417     
          26          28  0.849677177046802     
          29          30  0.864527291739118     
          29          31  0.870574177600972     
          32          33  0.866042598692054     
          32          34  0.865979456740262     
