   -0.18659351
   -0.02465742
   -0.07557251
   -0.09920820
    0.36181780
   -0.64626432
   -0.67286325
    0.30229306
    0.27480157
    0.08001246
    0.09914921
    0.06749537
    0.05097167
    0.02822592
    0.02329697
    0.31440490
   -0.68385751
    0.35668476
    0.36096982
   -0.66313273
    0.34600809
    0.34109705
   -0.65129835
    0.33696926
    0.35445315
   -0.65631075
    0.31696538
    0.35175503
   -0.69649886
    0.32187000
    0.34992280
   -0.67584254
    0.33524795
    0.35070933
   -0.68179851
    0.34817423
    0.34060268
