           1           2  0.988209191719132     
           2           3   1.00969878513268     
           3           4   1.00780759647030     
           4           5  0.928461052094266     
           5           6   1.46317468649795     
           5           7   1.49902542901097     
           6           7  0.204810593187249     
           1           8  0.829427693545281     
           1           9  0.909589062594135     
           2          10  0.970947079643877     
           2          11  0.960993499123621     
           3          12  0.968319514192277     
           3          13  0.975492095138625     
           4          14  0.973692132132738     
           4          15  0.961875848331382     
           1          16  0.790342479063359     
          17          18  0.869656487112082     
          17          19  0.866406467787501     
          20          21  0.869889288968744     
          20          22  0.814998411788222     
          23          24  0.853565595500390     
          23          25  0.850892520336603     
          26          27  0.856581836626683     
          26          28  0.835047227937410     
          29          30  0.865636949674926     
          29          31  0.815631741668165     
          32          33  0.852271815254699     
          32          34  0.838142874343296     
          35          36  0.875556385577040     
          35          37  0.861828663513276     
