   -0.18409596
   -0.02379686
   -0.08063865
   -0.10034209
    0.36289202
   -0.65523724
   -0.64931341
    0.29433652
    0.29598118
    0.08617420
    0.08739059
    0.05887520
    0.08508548
    0.04097198
    0.02793594
    0.29417152
   -0.66088502
    0.36118084
    0.32529574
   -0.66601206
    0.30832810
    0.34783679
   -0.69685797
    0.35644789
    0.35851013
   -0.66187785
    0.32476586
    0.35481642
   -0.68677408
    0.36132910
    0.35977052
   -0.70166469
    0.32896752
    0.35459699
   -0.67099974
    0.35249592
    0.31033919
