           1           2  0.985734281082807     
           2           3   1.00709614797696     
           3           4   1.00900417406970     
           4           5  0.938353965447096     
           5           6   1.41499369827704     
           5           7   1.52777214831664     
           6           7  0.193943421789039     
           1           8  0.836743156797696     
           1           9  0.841011705449133     
           2          10  0.970111511901465     
           2          11  0.971651557323221     
           3          12  0.972176618716461     
           3          13  0.958656160843671     
           4          14  0.957678393458529     
           4          15  0.974581661079232     
           1          16  0.853310182125558     
          17          18  0.866577803607940     
          17          19  0.862139157645189     
          20          21  0.859356760595655     
          20          22  0.874987334152083     
          23          24  0.870895748465808     
          23          25  0.869192433031476     
          26          27  0.856340375483218     
          26          28  0.868980974165813     
          29          30  0.866253693991886     
          29          31  0.865334230165923     
          32          33  0.866031032776557     
          32          34  0.874090782229615     
          35          36  0.872217545525685     
          35          37  0.852220764190671     
