   -0.18814235
   -0.02711472
   -0.06821913
   -0.10560758
    0.36408088
   -0.66148153
   -0.65371727
    0.30991958
    0.26841616
    0.10995506
    0.08558367
    0.04229981
    0.05841432
    0.05170225
    0.01913815
    0.29966812
   -0.64874989
    0.34176134
    0.31261558
   -0.67468277
    0.34805063
    0.34790577
   -0.67086679
    0.35745753
    0.35126663
   -0.68750465
    0.35041485
    0.35073923
   -0.68091951
    0.34795661
    0.35270281
   -0.65997446
    0.34651309
    0.32671356
   -0.69309451
    0.33821733
    0.33858220
