           1           2  0.982985408668252     
           2           3   1.01196323199956     
           3           4  0.997038754268025     
           4           5  0.932467639170726     
           5           6   1.51065146675863     
           5           7   1.45305486466472     
           6           7  0.206600373655297     
           1           8  0.815398897352803     
           1           9  0.910723190884631     
           2          10  0.962550137636696     
           2          11  0.968999706303502     
           3          12  0.973002968117762     
           3          13  0.971925425696974     
           4          14  0.975756568373575     
           4          15  0.971109989683989     
           1          16  0.800340997534424     
          17          18  0.838080156715890     
          17          19  0.846101832314857     
          20          21  0.839300261510529     
          20          22  0.875566011198907     
          23          24  0.864730663692013     
          23          25  0.808833159604550     
          26          27  0.835948049191745     
          26          28  0.871622971479168     
          29          30  0.819028458758347     
          29          31  0.873136374000719     
          32          33  0.818629529698590     
          32          34  0.882548367877682     
          35          36  0.884993825645682     
          35          37  0.857078878049432     
