    0.08876136
   -0.02051658
    0.29656819
    0.11540516
   -0.18186495
    0.04748597
   -0.11723731
   -0.63506810
    0.36251361
    0.28508438
   -0.65672577
    0.29872178
    0.05976674
   -0.68345552
    0.34586403
    0.32880698
   -0.70486147
    0.34313506
    0.34795238
   -0.67795469
    0.34882939
    0.34057391
   -0.68616993
    0.34536548
    0.34154210
   -0.67511041
    0.35337377
    0.35328136
   -0.68283081
    0.35159840
    0.35782973
   -0.67267694
    0.34446023
    0.33755247
