           1           2  0.969118823958419     
           2           4  0.960249728933487     
           2           5  0.979442199841789     
           3           5  0.870387385806366     
           2           7   1.00851631209237     
           6           7  0.975770955683527     
           7           9  0.932847115080912     
           8           9   1.44587957127413     
           5          10  0.827329897459979     
           8          11  0.205900021663408     
           9          11   1.52017870181657     
           5          12  0.851609122356046     
           7          13  0.960025612034329     
          14          15  0.827801925268083     
          14          16  0.854688725111873     
          17          18  0.842824568363511     
          17          19  0.876036606067115     
          20          21  0.875416418298163     
          20          22  0.862184539948891     
          23          24  0.807505703290320     
          23          25  0.874779661621857     
          26          27  0.866822578973865     
          26          28  0.844545477134212     
          29          30  0.874017550485802     
          29          31  0.869348849659659     
          32          33  0.834672606667774     
          32          34  0.848710210892529     
