   -0.17475240
   -0.01941438
   -0.08079679
   -0.09932641
    0.36085271
   -0.64002124
   -0.67915589
    0.30177751
    0.30922988
    0.08391394
    0.06729193
    0.08292092
    0.06605163
    0.02378023
    0.02582604
    0.28197355
   -0.69631198
    0.35705657
    0.34686335
   -0.65114799
    0.34077733
    0.35509494
   -0.68253423
    0.35026815
    0.34917439
   -0.68858860
    0.33930010
    0.33260564
   -0.67590525
    0.34151909
    0.35216797
   -0.68316073
    0.33564867
    0.33645647
   -0.64273336
    0.32246432
    0.35083394
