           1           2  0.991256524767824     
           2           3   1.00678435280860     
           3           4   1.01025818828349     
           4           5  0.928956910505958     
           5           6   1.46835125445059     
           5           7   1.49468909894517     
           6           7  0.205687985697444     
           1           8  0.822599056371149     
           1           9  0.811577186562259     
           2          10  0.971910177442370     
           2          11  0.972223458621268     
           3          12  0.963170395980050     
           3          13  0.974573641395010     
           4          14  0.971189990964388     
           4          15  0.963238154546719     
           1          16  0.898202440277472     
          17          18  0.869377816288282     
          17          19  0.835904031332472     
          20          21  0.868585985217993     
          20          22  0.833989898039639     
          23          24  0.849003803436962     
          23          25  0.872715977710066     
          26          27  0.831568248562460     
          26          28  0.885033210327743     
          29          30  0.845450500744289     
          29          31  0.870187979299919     
          32          33  0.883760536549034     
          32          34  0.860251961184620     
          35          36  0.852895408730430     
          35          37  0.843469098925378     
