   -0.12477554
    0.36398035
   -0.65821411
   -0.63486992
   -0.01262770
   -0.19222888
    0.08562069
    0.08441919
    0.07835452
    0.07736565
    0.30780497
    0.30746548
    0.28752107
   -0.65050990
    0.33062851
    0.34046978
   -0.67961447
    0.34191971
    0.35900930
   -0.65577665
    0.32566691
    0.31624878
   -0.69922853
    0.35245064
    0.36823772
   -0.69971680
    0.31023934
    0.35202839
   -0.67429464
    0.36011347
    0.34260892
   -0.69230172
    0.34927352
    0.33273195
