           1           2  0.941805690984644     
           2           3   1.40925696520119     
           2           4   1.53813282459238     
           3           4  0.200502063895512     
           1           5   1.01458909925235     
           5           6  0.985110957823581     
           1           7  0.953922313713311     
           1           8  0.954576808049779     
           5           9  0.971451236527701     
           5          10  0.971239430945343     
           6          11  0.816772956670425     
           6          12  0.814561503054632     
           6          13  0.904420042790982     
          14          15  0.836362708165677     
          14          16  0.866615761224204     
          17          18  0.830380241036727     
          17          19  0.866241742589662     
          20          21  0.860271590603359     
          20          22  0.835018199527174     
          23          24  0.873046866970508     
          23          25  0.861386062854925     
          26          27  0.852941851891511     
          26          28  0.875906781006386     
          29          30  0.865551324849285     
          29          31  0.841895361580763     
          32          33  0.876728864485634     
          32          34  0.862550773070671     
