           1           2  0.958916203363094     
           2           4  0.968758097509475     
           2           5  0.982869041785485     
           3           5  0.840683307971685     
           2           7   1.01043915812029     
           6           7  0.932662342152552     
           7           9  0.965125419928986     
           8           9   1.43767049010191     
           5          10  0.856621387757692     
           8          11  0.180029238391927     
           9          11   1.45115697184092     
           5          12  0.836882313945820     
           7          13  0.960937703188811     
          14          15  0.878975597196618     
          14          16  0.850241667878357     
          17          18  0.863235715861977     
          17          19  0.866889092756309     
          20          21  0.863569453481267     
          20          22  0.873515066620962     
          23          24  0.877826865033917     
          23          25  0.861238053555822     
          26          27  0.848046100495516     
          26          28  0.868549017646631     
          29          30  0.863329752651334     
          29          31  0.866116623428439     
          32          33  0.863662278670235     
          33          34  0.871283305612127     
          35          36  0.851321367439635     
          35          37  0.868792354634708     
          38          39  0.866554672717331     
          39          40  0.851081526421880     
          41          43  0.862877817043314     
          42          43  0.847123737379663     
          44          45  0.863743066562642     
          45          46  0.866346553101039     
