   -0.18170264
   -0.02722460
   -0.07565702
   -0.10093590
    0.36741874
   -0.61460621
   -0.64418842
    0.29290436
    0.28608266
    0.08609907
    0.09804534
    0.07711690
    0.05703881
    0.04383346
    0.05017837
    0.29920076
   -0.64650028
    0.35304406
    0.33721771
   -0.66277482
    0.31402305
    0.34484533
    0.35513997
   -0.67951433
    0.34712028
   -0.68666484
    0.35362088
    0.31166086
    0.35676626
   -0.67159183
    0.34994206
    0.32246375
   -0.68276090
    0.31096443
    0.34099996
   -0.68872569
    0.35561394
    0.35580854
   -0.69093707
    0.30398681
    0.35976884
   -0.70181063
    0.34534460
    0.29456603
   -0.67131304
    0.35609241
