           1           2  0.988422848890753     
           2           3   1.00515923699059     
           3           4  0.990350917694422     
           4           5  0.957937395811940     
           5           6   1.49098697853664     
           5           7   1.41975521906135     
           6           7  0.187692548664870     
           1           8  0.835685063464315     
           1           9  0.856017300260201     
           2          10  0.971542401596099     
           2          11  0.963440275523265     
           3          12  0.962832379033570     
           3          13  0.974899543982765     
           4          14  0.977102668604533     
           4          15  0.963278087390819     
           1          16  0.832195388191758     
          17          18  0.872165903872524     
          17          19  0.848167698020582     
          20          21  0.857570440221090     
          20          22  0.875410481713976     
          23          24  0.870354485786892     
          24          25  0.841955359345444     
          26          27  0.873027437271120     
          26          28  0.849022567844129     
          29          30  0.869106123040027     
          30          31  0.874546688865357     
          32          33  0.870086843316080     
          33          34  0.859239722594873     
          35          36  0.855175804759191     
          36          37  0.869594012370032     
          38          39  0.872885811594061     
          39          40  0.863891316575260     
          41          42  0.869965518362545     
          42          43  0.880104210800840     
          44          45  0.883985233977494     
          45          46  0.872363084537062     
