   -0.18382371
   -0.02329065
   -0.07169054
   -0.11231731
    0.36293711
   -0.65090442
   -0.63352714
    0.29825629
    0.29019542
    0.09379550
    0.08346443
    0.05222045
    0.06585310
    0.07512940
    0.03899675
    0.31389786
   -0.65437440
    0.34158777
    0.33624002
   -0.66271319
    0.34237518
    0.32647669
   -0.69063746
    0.33480481
    0.34937089
   -0.66710304
    0.33516333
    0.32428919
   -0.66061124
    0.31873563
    0.34168676
   -0.69276003
    0.34690831
    0.33747121
   -0.69945007
    0.33661250
    0.35673460
