           1           2  0.979858961946089     
           2           3   1.01157702739471     
           3           4   1.00362423401116     
           4           5  0.941432194926899     
           5           6   1.38910937883341     
           5           7   1.54891686371297     
           6           7  0.195067804538187     
           1           8  0.897747257395020     
           1           9  0.899429030867412     
           2          10  0.969555508239937     
           2          11  0.970064844716148     
           3          12  0.969757527959399     
           3          13  0.970652601546726     
           4          14  0.968026179470810     
           4          15  0.959764434294866     
           1          16  0.768581143253298     
          16          17  0.118704581311578     
          17          18  0.827332730317214     
          17          19  0.842174238369937     
          20          21  0.844417378228182     
          20          22  0.828356262459707     
          23          24  0.822118097151094     
          23          25  0.869694851218908     
          26          27  0.841819550483998     
          26          28  0.859407923474203     
          29          30  0.862414937964761     
          29          31  0.856367111003039     
          32          33  0.876933685269803     
          32          34  0.829877774466862     
          35          36  0.823091527706762     
          35          37  0.869737995973255     
