   -0.19122313
   -0.02606123
   -0.07138515
   -0.10991944
    0.36270205
   -0.65373170
   -0.61233193
    0.29768703
    0.27751387
    0.09574412
    0.10293909
    0.06291252
    0.04519368
    0.05693838
    0.04323144
    0.27785973
   -0.69740987
    0.32693031
    0.35127377
   -0.68287153
    0.31973898
    0.35440280
   -0.68748749
    0.35347258
    0.31504736
   -0.67755131
    0.35672777
    0.35041943
   -0.68320365
    0.33542042
    0.35655424
   -0.67918970
    0.35836502
    0.35223519
   -0.67007662
    0.35013383
    0.33899912
