           1           2  0.979563741148731     
           2           3   1.01259527727910     
           3           4  0.999606146973157     
           4           5  0.947428848562121     
           5           6   1.47021300768991     
           5           7   1.47140025167469     
           6           7  0.195672320064950     
           1           8  0.826433299107154     
           1           9  0.869234484125932     
           2          10  0.969703078042066     
           2          11  0.961013160770280     
           3          12  0.972126339820097     
           3          13  0.974929626028135     
           4          14  0.956037709293046     
           4          15  0.973963696033652     
           1          16  0.826003100539121     
          17          18  0.865472722176116     
          17          19  0.876495985710207     
          20          21  0.853680253051874     
          20          22  0.871142281599744     
          23          24  0.870651397938734     
          23          25  0.834304584907837     
          26          27  0.870352564976697     
          26          28  0.875063765924419     
          29          30  0.847470634736937     
          29          31  0.869522639838143     
          32          33  0.868396615352176     
          32          34  0.873692954507338     
          35          36  0.874096126804604     
          35          37  0.833470503417655     
