   -0.11808174
    0.36420778
   -0.64425498
   -0.63519396
   -0.01212210
   -0.19425532
    0.08457016
    0.05184300
    0.07401123
    0.08708679
    0.30182062
    0.31061076
    0.28917105
   -0.66856362
    0.33873739
    0.34715169
   -0.68896455
    0.32958492
    0.31677437
   -0.70127608
    0.37042248
    0.35686320
   -0.68949680
    0.35430565
    0.34312949
   -0.64157981
    0.34471824
    0.33357857
   -0.68582453
    0.33772414
    0.35673925
   -0.67298789
    0.31414145
    0.34540912
