           1           2  0.936370149539327     
           2           3   1.42018056259338     
           2           4   1.53695299014639     
           3           4  0.203708358827706     
           1           5   1.00394823319530     
           5           6  0.987171959064700     
           1           7  0.956436068563532     
           1           8  0.979539072043380     
           5           9  0.973472700077985     
           5          10  0.966932734441552     
           6          11  0.823417478477063     
           6          12  0.792585832745046     
           6          13  0.902898440189867     
          14          15  0.880509841055230     
          14          16  0.828354376748538     
          17          18  0.890112560383335     
          17          19  0.843650130938228     
          20          21  0.860179508872895     
          20          22  0.870167683652509     
          23          24  0.870633766543438     
          23          25  0.840385477358176     
          26          27  0.827364791409999     
          26          28  0.841494236561603     
          29          30  0.847187947361706     
          29          31  0.869319743955911     
          32          33  0.840199020084783     
          32          34  0.875394007843394     
