   -0.19885158
   -0.04839612
   -0.09348363
   -0.12265388
    0.36839640
   -0.61515097
   -0.64263530
    0.30217183
    0.29284700
    0.09419672
    0.11123532
    0.07992251
    0.06869432
    0.07384671
    0.08775485
    0.30604315
   -0.67824452
    0.33500799
    0.33964328
   -0.67174216
    0.33597709
    0.34913990
   -0.67444517
    0.33199428
    0.32970261
   -0.70628907
    0.35685165
    0.33592527
   -0.69600187
    0.34959364
    0.34578093
   -0.68139408
    0.32705205
    0.32643289
   -0.68200534
    0.34289649
    0.35311639
   -0.65469786
    0.34025060
    0.32728282
   -0.63846607
    0.32641220
    0.32972916
   -0.66805899
    0.32752434
    0.32709453
   -0.70329576
    0.33958621
    0.34358701
   -0.67171728
    0.33860032
    0.33357474
   -0.69169756
    0.34461106
    0.35273406
   -0.68448929
    0.37025327
    0.34165238
   -0.68032897
    0.34459566
    0.32710294
   -0.68991886
    0.34351585
    0.35125945
   -0.68890288
    0.35278302
    0.34549086
   -0.69504262
    0.34078996
    0.33756640
   -0.70154298
    0.35222268
    0.33634720
   -0.68149576
    0.33155634
    0.33366280
   -0.64041152
    0.33748598
    0.33702784
   -0.68598535
    0.35647222
    0.34055143
   -0.64480313
    0.33428686
    0.33516270
   -0.68204662
    0.31692265
    0.33980460
   -0.67665737
    0.33564713
    0.33928973
   -0.67483087
    0.35065935
    0.33624199
   -0.65762309
    0.34100047
    0.33662117
   -0.67226047
    0.33294725
    0.33403021
   -0.67134850
    0.34033585
    0.34618200
   -0.68817205
    0.34964662
    0.33608354
   -0.65517599
    0.32156450
    0.35860138
   -0.65672521
    0.34456940
    0.32302421
   -0.69970160
    0.34020973
    0.35493476
   -0.65332767
    0.33994885
    0.34519357
   -0.70607829
    0.36266968
    0.32378388
   -0.67228934
    0.33408169
    0.34614061
   -0.66644694
    0.32773447
    0.33491471
   -0.68994084
    0.33291532
    0.33037960
   -0.72071411
    0.34904668
    0.32880856
   -0.70140164
    0.35112575
    0.32620422
   -0.67812684
    0.33667922
    0.33526358
   -0.67518433
    0.33129788
    0.34974572
   -0.70789484
    0.34426426
    0.34567014
   -0.69279131
    0.36743056
    0.32933586
   -0.69527613
    0.34496825
    0.33339826
   -0.69758864
    0.33405047
    0.33801269
   -0.67534367
    0.34143490
    0.33936708
   -0.66707404
    0.32909404
    0.31952675
   -0.69249051
    0.35004952
    0.34125578
   -0.68569560
    0.35346637
    0.34378346
