    0.07063693
   -0.01718928
    0.28926389
    0.10614459
   -0.18732815
    0.04076625
   -0.11696468
   -0.63679354
    0.36353005
    0.28119683
   -0.64843375
    0.30308678
    0.06955949
   -0.70524913
    0.35315816
    0.34537946
   -0.70121995
    0.35060552
    0.35534016
   -0.71316260
    0.35559713
    0.35756540
   -0.66613201
    0.34778490
    0.32819916
   -0.67454963
    0.36026419
    0.36774575
   -0.66094307
    0.33495852
    0.34619144
   -0.67703818
    0.34077285
    0.33725650
