           1           2  0.973340057598716     
           2           4  0.960386768627737     
           2           5  0.987921362117725     
           3           5  0.854472462534460     
           2           7   1.00653750963786     
           6           7  0.976340465181111     
           7           9  0.937998137275748     
           8           9   1.42045369787421     
           5          10  0.849049099325244     
           8          11  0.200301386911250     
           9          11   1.53341452675343     
           5          12  0.805951754981670     
           7          13  0.956453815689331     
          14          15  0.871154675756670     
          14          16  0.826637953105243     
          17          18  0.875878895005141     
          17          19  0.872823340955216     
          20          21  0.873456482271018     
          20          22  0.872052638336733     
          23          24  0.873782802327641     
          23          25  0.849459264850948     
          26          27  0.866470465096970     
          26          28  0.860994995054019     
          29          30  0.863854379871021     
          29          31  0.832767184000906     
          32          33  0.855731590861745     
          32          34  0.855493073169502     
