   -0.11726948
    0.36475711
   -0.65404171
   -0.64908234
   -0.01050163
   -0.18723660
    0.04701900
    0.06587313
    0.08245077
    0.08257855
    0.29147094
    0.28515261
    0.29887684
   -0.68808843
    0.35783877
    0.35357547
   -0.66281545
    0.35408191
    0.32907171
   -0.65470154
    0.35841190
    0.34403220
   -0.68220375
    0.34669152
    0.31322764
   -0.66395908
    0.35940193
    0.33735308
   -0.70549979
    0.34263284
    0.33309389
   -0.69771070
    0.35867345
    0.36684523
