           1           2  0.928861203221159     
           2           3   1.44454888562925     
           2           4   1.52162672258526     
           3           4  0.205419087002874     
           1           5   1.00419947605045     
           5           6  0.986766325239557     
           1           7  0.979933778806622     
           1           8  0.962798465700936     
           5           9  0.968595242700087     
           5          10  0.970202028623371     
           6          11  0.838106552178600     
           6          12  0.844546756522775     
           6          13  0.825496657331581     
          14          15  0.869139573669644     
          14          16  0.871462374859904     
          17          18  0.870285622970647     
          17          19  0.850703144835214     
          20          21  0.869350759184859     
          20          22  0.840437862757934     
          23          24  0.874655268312084     
          23          25  0.831132561503159     
          26          27  0.868041047717562     
          26          28  0.853592229641856     
          29          30  0.882359249578053     
          29          31  0.847925261223131     
          32          33  0.868320750233018     
          32          34  0.860962772535801     
