   -0.11567801
    0.36507581
   -0.64873298
   -0.63865958
   -0.01746610
   -0.18981302
    0.06741560
    0.04889240
    0.07374592
    0.10285153
    0.27789544
    0.30028535
    0.30747559
   -0.70005527
    0.35145166
    0.31057176
   -0.67832658
    0.36860341
    0.36318069
   -0.71265020
    0.35520505
    0.35744512
   -0.66777546
    0.34869035
    0.35463825
   -0.68355317
    0.33920618
    0.35703384
   -0.66298448
    0.35256273
    0.34323002
   -0.68677412
    0.31175098
    0.34526129
