           1           2  0.932445571096983     
           2           3   1.47417221493500     
           2           4   1.48410869962940     
           3           4  0.204785719077042     
           1           5   1.01059218838120     
           5           6  0.986788867193287     
           1           7  0.956429700720708     
           1           8  0.976307218170408     
           5           9  0.972833153789113     
           5          10  0.959842751291377     
           6          11  0.908464642067429     
           6          12  0.813642441625708     
           6          13  0.798419261122481     
          14          15  0.876348932044580     
          14          16  0.852002444304600     
          17          18  0.861217983297379     
          17          19  0.864776265262196     
          20          21  0.873756367987098     
          20          22  0.872159834380367     
          23          24  0.826467913004035     
          23          25  0.871035807410922     
          26          27  0.849730697997973     
          26          28  0.869718285277371     
          29          30  0.873147160641429     
          29          31  0.838702827970589     
          32          33  0.855851505583188     
          32          34  0.879490176680792     
