    0.10554476
   -0.02315081
    0.29228901
    0.09509846
   -0.18679509
    0.07724518
   -0.12043970
   -0.62966162
    0.37008470
    0.28731469
   -0.62012313
    0.28607487
    0.06575120
   -0.66774369
    0.35178372
    0.31638876
   -0.68649008
    0.32040357
    0.35094668
   -0.66192203
    0.32236880
    0.33572246
   -0.65518308
    0.34799505
    0.32716128
   -0.69788633
    0.33249298
    0.32581256
   -0.65817792
    0.33945148
    0.31977104
   -0.70126034
    0.32378109
    0.35359474
   -0.66291122
    0.31981025
    0.35094810
   -0.69158654
    0.35843243
    0.31168438
   -0.67219487
    0.36614782
    0.36698473
   -0.68474077
    0.34558782
    0.35359462
