           1           2  0.959000921837576     
           2           4  0.968413498559361     
           2           5  0.984145487107553     
           3           5  0.847334927563759     
           2           7  0.996709146629003     
           6           7  0.951057378309527     
           7           9  0.956783280651263     
           8           9   1.43560695010996     
           5          10  0.820790689928983     
           8          11  0.184165365326302     
           9          11   1.46776663260335     
           5          12  0.850185327209818     
           7          13  0.970823213194733     
          14          15  0.872345481151907     
          14          16  0.856719427391517     
          17          18  0.869556217546289     
          17          19  0.875279607821827     
          20          21  0.847027520634390     
          20          22  0.878835501938708     
          23          24  0.827801384226650     
          23          25  0.847656356088260     
          26          27  0.859330388525828     
          26          28  0.866245568688366     
          29          30  0.878204799735532     
          29          31  0.860643881628226     
          32          33  0.854365861570152     
          32          34  0.873812915610563     
          35          36  0.853409176874124     
          35          37  0.872409766787669     
          38          39  0.871429526211679     
          38          40  0.870449863112896     
          41          42  0.862734558498729     
          41          43  0.861041953617206     
          44          45  0.849515356292038     
          44          46  0.872608705276473     
