    0.07720821
   -0.01598931
    0.29640687
    0.10363227
   -0.19782848
    0.04056245
   -0.11486850
   -0.63882165
    0.36364351
    0.29996322
   -0.65165881
    0.27088302
    0.05818930
   -0.68053546
    0.35079323
    0.33557930
   -0.67816062
    0.36399467
    0.36424044
   -0.67117945
    0.34234322
    0.34278050
   -0.68431547
    0.33969451
    0.34437971
   -0.65155523
    0.34347759
    0.33983219
   -0.68139995
    0.34887223
    0.34397350
   -0.66945279
    0.32155005
    0.34376574
