           1           2  0.972696131214053     
           2           4  0.964844379163559     
           2           5  0.988491030028031     
           3           5  0.807103865129674     
           2           7   1.00917320276187     
           6           7  0.974870748736321     
           7           9  0.935801771304265     
           8           9   1.42574716553652     
           5          10  0.818555798544638     
           8          11  0.201132666475851     
           9          11   1.52994598247355     
           5          12  0.864496706347978     
           7          13  0.958099644617152     
          14          15  0.873698679734161     
          14          16  0.855524965151513     
          17          18  0.864038410741209     
          17          19  0.864188893829025     
          20          21  0.837709339532355     
          20          22  0.843150692531902     
          23          24  0.836480356355361     
          23          25  0.877714144146846     
          26          27  0.844677962567280     
          26          28  0.840651038344722     
          29          30  0.874939423340810     
          29          31  0.847274512477884     
          32          33  0.856270730941757     
          32          34  0.876546800573440     
