   -0.18961026
   -0.02098173
   -0.07969932
   -0.09946664
    0.36264449
   -0.64256960
   -0.65239670
    0.30447548
    0.27738466
    0.07957841
    0.08743748
    0.08187806
    0.05351878
    0.03127867
    0.03414214
    0.30274528
   -0.71466732
    0.35512605
    0.35954125
   -0.68667391
    0.34524297
    0.35092245
   -0.67461722
    0.35619913
    0.35111064
   -0.64888358
    0.34295389
    0.33872115
   -0.67392997
    0.32095538
    0.34711066
   -0.66600812
    0.35103295
    0.31550442
   -0.71706826
    0.36097586
    0.35609238
