           1           2  0.988194953052092     
           2           3   1.00861610359545     
           3           4   1.00792288774163     
           4           5  0.938792065804455     
           5           6   1.41649313308311     
           5           7   1.52578891091698     
           6           7  0.195289844894427     
           1           8  0.801124021923785     
           1           9  0.907633031918007     
           2          10  0.971671615123300     
           2          11  0.967110505452041     
           3          12  0.963264278161178     
           3          13  0.975198463971498     
           4          14  0.972255522430236     
           4          15  0.958385614950956     
           1          16  0.813316399174795     
          17          18  0.873752057724624     
          17          19  0.870596692325118     
          20          21  0.850276057738325     
          20          22  0.872232091896595     
          23          24  0.869577600950560     
          23          25  0.834567340195811     
          26          27  0.835673545980116     
          26          28  0.840994932335957     
          29          30  0.846880505598281     
          29          31  0.874111776791526     
          32          33  0.872318159372518     
          32          34  0.851996504131740     
          35          36  0.869537911270027     
          35          37  0.873039649547415     
