   -0.17784011
   -0.03582037
   -0.06842756
   -0.10172941
    0.36280710
   -0.64960142
   -0.64845275
    0.28245233
    0.28922732
    0.12226315
    0.09384233
    0.03731278
    0.06745770
    0.04914962
    0.02875869
    0.32398589
   -0.66298571
    0.35918871
    0.34877478
   -0.68572208
    0.31376722
    0.32777509
   -0.69206450
    0.36697591
    0.36342491
   -0.65547513
    0.32263315
    0.31053630
   -0.68741200
    0.33986888
    0.35571714
   -0.69095243
    0.32827556
    0.35837240
   -0.66747533
    0.34219372
    0.32919810
