           1           2  0.979799609300970     
           2           3   1.00751544072097     
           3           4  0.995321392206543     
           4           5  0.937940709351603     
           5           6   1.52531131736009     
           5           7   1.42626282481880     
           6           7  0.203546594848779     
           1           8  0.905541877718651     
           1           9  0.901317235369147     
           2          10  0.952662721035051     
           2          11  0.969162240992349     
           3          12  0.976869187355118     
           3          13  0.969070508399804     
           4          14  0.968241673749563     
           4          15  0.980904261487153     
           1          16  0.768095110719695     
          16          17  0.115305038534329     
          17          18  0.866878855978683     
          17          19  0.819549938742016     
          20          21  0.867022270620983     
          20          22  0.864030092066679     
          23          24  0.861557973370180     
          23          25  0.865435027481552     
          26          27  0.865885090118812     
          26          28  0.837579899869809     
          29          30  0.836512169869577     
          29          31  0.869761120896885     
          32          33  0.833583217906436     
          32          34  0.868001654356244     
          35          36  0.879108739096781     
          35          37  0.836874088933099     
