   -0.18410640
   -0.02045206
   -0.07316470
   -0.10015861
    0.35882798
   -0.64813159
   -0.69212294
    0.28800726
    0.29541735
    0.09094409
    0.07006278
    0.05126279
    0.07158986
    0.03237559
    0.02256980
    0.29206234
   -0.70142335
    0.36680427
    0.36088795
   -0.68777857
    0.34769261
    0.34407551
   -0.66585335
    0.34908308
    0.33960070
   -0.70266359
    0.36324459
    0.34307945
   -0.68709948
    0.35091233
    0.34934955
   -0.65255607
    0.33573765
    0.36734661
   -0.68692378
    0.35537548
    0.35612487
