           1           2  0.988924210015457     
           2           3   1.00921023208357     
           3           4   1.00937447889868     
           4           5  0.928053794221558     
           5           6   1.49987277536021     
           5           7   1.47211138439847     
           6           7  0.209004836876042     
           1           8  0.845167383213938     
           1           9  0.834447234247691     
           2          10  0.964412246403303     
           2          11  0.970292655653633     
           3          12  0.974337135226879     
           3          13  0.969877711919786     
           4          14  0.965716579960370     
           4          15  0.969754871684108     
           1          16  0.837102379821847     
          17          18  0.863203196448026     
          17          19  0.867022912971208     
          20          21  0.873888978836050     
          20          22  0.826746532968227     
          23          24  0.875022041043442     
          23          25  0.845736446475866     
          26          27  0.867164127008667     
          26          28  0.881787595785749     
          29          30  0.875068770037249     
          29          31  0.839626185334968     
          32          33  0.849767265375955     
          32          34  0.859871861149279     
          35          36  0.869604661342529     
          35          37  0.869421384922994     
