   -0.18717566
   -0.01904545
   -0.07114380
   -0.10843121
    0.36499817
   -0.63930636
   -0.62149413
    0.29964822
    0.29316129
    0.09675121
    0.07088893
    0.04697965
    0.06974849
    0.05700188
    0.03615193
    0.27756416
   -0.68644163
    0.34815624
    0.31477777
   -0.69911220
    0.36783045
    0.35731011
   -0.66555273
    0.35869422
    0.33416888
   -0.70001973
    0.35345789
    0.32533421
   -0.67270924
    0.32413765
    0.35251444
   -0.72002366
    0.35400508
    0.36601858
   -0.67178419
    0.33754096
    0.35539957
