           1           2  0.987254910732424     
           2           3   1.00933130008590     
           3           4  0.990625694450298     
           4           5  0.947432621483002     
           5           6   1.49259081119804     
           5           7   1.44513988581589     
           6           7  0.196330740261077     
           1           8  0.829662362517477     
           1           9  0.829897525760462     
           2          10  0.968924370522034     
           2          11  0.973096304914428     
           3          12  0.975977830663118     
           3          13  0.973266052111683     
           4          14  0.968879710815572     
           4          15  0.975999045254589     
           1          16  0.854378180072343     
          17          18  0.876328324941765     
          17          19  0.836186383892505     
          20          21  0.861881806192629     
          20          22  0.869997054027245     
          23          24  0.867671809422807     
          23          25  0.850197692640766     
          26          27  0.874939402370686     
          26          28  0.864013160541302     
          29          30  0.854510054773941     
          29          31  0.872161957213657     
          32          33  0.874487372477624     
          32          34  0.865837205839257     
          35          36  0.843329764367958     
          35          37  0.870027219305148     
