   -0.17435549
   -0.02002331
   -0.07031316
   -0.09881627
    0.36501100
   -0.63608960
   -0.64558380
    0.29935970
    0.28859855
    0.08894834
    0.08804176
    0.05434655
    0.06529429
    0.03468966
    0.02540936
    0.29985468
   -0.68585036
    0.33592308
    0.34530508
   -0.66215311
    0.34888539
    0.33439740
   -0.66691897
    0.31858814
    0.32311510
   -0.67301960
    0.35842281
    0.36417607
   -0.68179675
    0.34331218
    0.35142034
   -0.67953309
    0.32083321
    0.36060357
   -0.66931849
    0.33345124
    0.31578450
