           1           2  0.987718314114779     
           2           3   1.00957006432556     
           3           4  0.991613228807028     
           4           5  0.942586688867800     
           5           6   1.45525781717213     
           5           7   1.48805359142535     
           6           7  0.201530824235621     
           1           8  0.830948826043152     
           1           9  0.878239786594162     
           2          10  0.969033397992420     
           2          11  0.966874373256131     
           3          12  0.975611899620945     
           3          13  0.971489978566729     
           4          14  0.974352223801902     
           4          15  0.978386686851774     
           1          16  0.833696632133234     
          17          18  0.839769188499802     
          17          19  0.879093111054991     
          20          21  0.871829817132309     
          20          22  0.847874414088179     
          23          24  0.845506527374427     
          23          25  0.865348273283150     
          26          27  0.869233073069489     
          26          28  0.865913963934865     
          29          30  0.876639595264724     
          29          31  0.871402426031203     
          32          33  0.827597506652101     
          32          34  0.863605033531335     
          35          36  0.847873776697699     
          35          37  0.857708825106010     
