   -0.19897451
   -0.05454479
   -0.09570162
   -0.11378888
    0.35962803
   -0.68680015
   -0.57453279
    0.31466222
    0.31655918
    0.12809159
    0.10918960
    0.08028311
    0.08385754
    0.08175062
    0.03134137
    0.27684685
   -0.68121830
    0.32759982
    0.36327994
   -0.68626699
    0.33986333
    0.33108538
   -0.65758760
    0.33341736
    0.34084269
   -0.68586016
    0.34140237
    0.32314463
   -0.72108830
    0.32855929
    0.36307489
   -0.67834133
    0.34924090
    0.33743361
   -0.66642647
    0.35495960
    0.32052530
   -0.69000305
    0.34515707
    0.34818028
   -0.67142621
    0.34237682
    0.35303424
   -0.69275480
    0.36321409
    0.32732469
   -0.65106625
    0.36785553
    0.32579589
   -0.68106728
    0.33152891
    0.34750534
   -0.69855417
    0.31629468
    0.35723315
   -0.67479864
    0.36694129
    0.35343375
   -0.70210183
    0.35178172
    0.34217579
   -0.67296762
    0.31603540
    0.34488692
   -0.71446839
    0.33867655
    0.37300513
   -0.70717878
    0.32619625
    0.35964680
   -0.67614387
    0.31272831
    0.33979511
   -0.65504673
    0.36351403
    0.34146763
   -0.68166770
    0.33000713
    0.33605032
   -0.69125486
    0.33916711
    0.32797759
   -0.69704981
    0.33833276
    0.33705137
   -0.68141161
    0.36113329
    0.32982510
   -0.69782774
    0.33974388
    0.31836753
   -0.70933037
    0.33695154
    0.35128187
   -0.67660095
    0.33748919
    0.33038334
   -0.71291645
    0.36397837
    0.31362493
   -0.70646737
    0.33974902
    0.33472258
   -0.69062617
    0.34832305
    0.34130430
   -0.64013363
    0.36531338
    0.32846805
   -0.68138267
    0.35039908
    0.35526283
   -0.69447801
    0.33776520
    0.34431531
   -0.68663084
    0.34921488
    0.33471809
   -0.69658833
    0.34573462
    0.33723431
   -0.68465057
    0.33388687
    0.36712607
   -0.66884394
    0.35276420
    0.34462339
   -0.64668342
    0.34731607
    0.32835961
   -0.70451979
    0.31272101
    0.34357618
   -0.64726181
    0.32408345
    0.33581532
   -0.68575935
    0.32698473
    0.35393763
   -0.67121412
    0.36053900
    0.34430128
   -0.67112885
    0.32842335
    0.34924791
   -0.65773473
    0.29430711
    0.33689565
   -0.68481233
    0.34576815
    0.31454561
   -0.68437257
    0.34682503
    0.32451246
   -0.67362375
    0.33155478
    0.34720708
   -0.71444955
    0.34429616
    0.34791949
   -0.68409617
    0.36081900
    0.33819270
   -0.67845606
    0.37209311
    0.33572604
