           1           2  0.984780411093474     
           2           3   1.01239265325245     
           3           4  0.996030164596424     
           4           5  0.970964294469862     
           5           6   1.41325489244159     
           5           7   1.46885228289001     
           6           7  0.181280907608787     
           1           8  0.834374805960571     
           1           9  0.816090083908803     
           2          10  0.956771231132978     
           2          11  0.955992661757870     
           3          12  0.964625639132817     
           3          13  0.961733590232070     
           4          14  0.934856500588578     
           4          15  0.971955917891437     
           1          16  0.867267158877751     
          17          18  0.844363847162450     
          17          19  0.818116361987238     
          20          21  0.818538456036767     
          20          22  0.887634966473267     
          23          24  0.840743605668709     
          23          25  0.821210691661248     
          26          27  0.833882447619624     
          26          28  0.853203653031475     
          29          30  0.846449283889386     
          29          31  0.795370985271822     
          32          33  0.873434020649550     
          32          34  0.869384638079102     
          35          36  0.813177542056018     
          35          37  0.853037921844690     
          38          39  0.877414036600874     
          38          40  0.836868465178127     
          41          42  0.813342948708963     
          41          43  0.810490356904967     
          44          45  0.808524038862380     
          44          46  0.866621087864123     
          47          48  0.819257871323114     
          47          49  0.844760143224065     
          50          51  0.883703285643190     
          50          52  0.828863817891307     
          53          54  0.877231156993004     
          53          55  0.790848211246846     
          56          57  0.811541760333903     
          56          58  0.818737010096934     
          59          60  0.873063978492651     
          59          61  0.831236823240285     
          62          63  0.856410109246015     
          62          64  0.832991054678095     
          65          66  0.824798200610421     
          65          67  0.755279911670825     
          68          69  0.858093165890917     
          68          70  0.808288806240255     
          71          72  0.856892125394736     
          71          73  0.827728562010006     
          74          75  0.831929133525373     
          74          76  0.855315152631102     
          77          78  0.846971727270604     
          77          79  0.835298245018747     
          80          81  0.823046334776233     
          80          82  0.867180563447123     
          83          84  0.825169096251694     
          83          85  0.821996662941868     
          86          87  0.771934778471907     
          86          88  0.860349889936042     
          89          90  0.840000829513573     
          89          91  0.840145306102140     
          92          93  0.883457858905972     
          92          94  0.806503147079328     
          95          96  0.881331109644549     
          95          97  0.818794285263305     
          98          99  0.769053737762874     
          98         100  0.866850086170558     
         101         102  0.840564691536019     
         101         103  0.823748522949787     
         104         105  0.840445173853102     
         104         106  0.812742012523176     
          67         107  0.102429934832367     
         107         108  0.787700848160267     
         107         109  0.859722201571639     
         110         111  0.847865704411839     
         110         112  0.849387428188578     
         113         114  0.828818554336344     
         113         115  0.876821248734395     
         116         117  0.834549700030260     
         116         118  0.861380568105009     
         119         120  0.831753849048700     
         119         121  0.847078782402157     
         122         123  0.878496908130521     
         122         124  0.812770992039859     
         125         126  0.809815450975594     
         125         127  0.877419396511378     
         128         129  0.820109283759220     
         128         130  0.862845101423116     
         131         132  0.893756593644212     
         131         133  0.821069765597891     
         134         135  0.851956996205772     
         134         136  0.840531709629190     
         137         138  0.846077016974304     
         137         139  0.809265005229082     
         140         141  0.809949589248303     
         140         142  0.840613495328549     
         143         144  0.820074777223975     
         143         145  0.874983219059773     
         146         147  0.897909532529746     
         146         148  0.841610789464974     
         149         150  0.836354453306035     
         149         151  0.851305015872437     
         152         153  0.850838231010906     
         152         154  0.841015256035363     
         155         156  0.882878881364218     
         155         157  0.829469774389055     
         158         159  0.879398263871002     
         158         160  0.817792856338393     
         161         162  0.804590677036452     
         161         163  0.879474880889967     
         164         165  0.800423480673092     
         164         166  0.869678993754843     
