   -0.19538040
   -0.02053529
   -0.07599374
   -0.10638538
    0.36896266
   -0.62538173
   -0.61930679
    0.30152539
    0.27718207
    0.09091446
    0.08309488
    0.06658634
    0.06763037
    0.06586120
    0.03898255
    0.28483570
   -0.64326267
    0.33037175
    0.34144120
   -0.67647387
    0.34198435
    0.35217451
   -0.68223133
    0.35120941
    0.31865284
   -0.68370930
    0.35995012
    0.35975218
   -0.66402694
    0.34143638
    0.34541901
   -0.68264716
    0.32403097
    0.31919543
   -0.68568477
    0.31483557
    0.32603230
   -0.66547297
    0.34967370
    0.31963400
   -0.64923321
    0.34421422
    0.31823024
   -0.67380171
    0.32112732
    0.33552269
    0.32452731
   -0.68637362
    0.35090976
