   -0.11580530
    0.36811050
   -0.65082116
   -0.60809629
   -0.01848649
   -0.18730483
    0.07768113
    0.05480577
    0.09033419
    0.08954701
    0.28941174
    0.30632408
    0.28898868
   -0.68047654
    0.33317041
    0.35288515
   -0.66538034
    0.34852637
    0.32730584
   -0.66013335
    0.32718500
    0.33520032
   -0.66679331
    0.31762772
    0.33628763
   -0.68312606
    0.35387830
    0.32427487
   -0.67291835
    0.34843361
    0.32442151
   -0.67368000
    0.33367044
    0.35495174
