           1           2  0.943450833497487     
           2           3   1.42018427712371     
           2           4   1.51725291559021     
           3           4  0.196893032377249     
           1           5   1.01348287470821     
           5           6  0.984272177674900     
           1           7  0.961281172404508     
           1           8  0.953622083743295     
           5           9  0.970652672778061     
           5          10  0.967935929256193     
           6          11  0.903367831032682     
           6          12  0.785257408132794     
           6          13  0.846203230907370     
          14          15  0.823341022684135     
          14          16  0.871150908608529     
          12          17  0.104540913902263     
          17          18  0.827230379165379     
          17          19  0.843217537639250     
          20          21  0.850362089815803     
          20          22  0.854233196890616     
          23          24  0.852757736545507     
          23          25  0.861777806328649     
          26          27  0.869899728514905     
          26          28  0.828145313650030     
          29          30  0.840088538348185     
          29          31  0.876327114470394     
          32          33  0.815292115643454     
          32          34  0.865426281869196     
