   -0.17179105
   -0.02376932
   -0.07475259
   -0.10071293
    0.35978992
   -0.62767515
   -0.67292023
    0.28359117
    0.30100370
    0.09385748
    0.08177063
    0.05773273
    0.06762054
    0.03736883
    0.03279259
    0.30573421
   -0.71361543
    0.35402311
    0.35959228
   -0.70851198
    0.33428551
    0.35105867
   -0.65832616
    0.36764595
    0.36301817
   -0.71377669
    0.35417725
    0.35959956
   -0.69156425
    0.33090929
    0.31194074
   -0.67405597
    0.35731399
    0.36664547
   -0.71185263
    0.35549653
    0.35635606
