           1           2  0.984382526481024     
           2           3   1.00977526620612     
           3           4   1.00908142856246     
           4           5  0.935588532897882     
           5           6   1.51711813262689     
           5           7   1.44627189852575     
           6           7  0.207546100802885     
           1           8  0.904898815009107     
           1           9  0.830263713267758     
           2          10  0.968624723561343     
           2          11  0.969056086926431     
           3          12  0.972830058758855     
           3          13  0.973338067519963     
           4          14  0.968558345676280     
           4          15  0.963600950266974     
           1          16  0.826521574639249     
          17          18  0.874559804094906     
          17          19  0.870583427474169     
          20          21  0.855962249355201     
          20          22  0.876516751164996     
          23          24  0.863418403264880     
          23          25  0.865068094118386     
          26          27  0.874434233896384     
          26          28  0.870549569563330     
          29          30  0.888005735132997     
          29          31  0.840253601287894     
          32          33  0.868839363666523     
          32          34  0.862236659735316     
          35          36  0.873541018400631     
          35          37  0.872927199833008     
