   -0.19764626
   -0.02252458
   -0.07419262
   -0.10329601
    0.36681693
   -0.64293220
   -0.59417589
    0.29557370
    0.28746444
    0.09347142
    0.08438235
    0.05973829
    0.06606699
    0.05890016
    0.03456241
    0.27591995
   -0.64987916
    0.33350554
    0.33589683
   -0.65601388
    0.32487518
    0.32579946
   -0.68249189
    0.35858994
    0.31079851
   -0.67173292
    0.33015153
    0.35786908
    0.32233874
    0.32509033
   -0.66172551
    0.32936673
    0.35373697
   -0.68411552
   -0.68421047
    0.31175385
    0.35922590
   -0.70276524
    0.36184336
    0.36396354
