           1           2  0.986654886039632     
           2           3   1.01136412951498     
           3           4  0.998636742345786     
           4           5  0.958543563362555     
           5           6   1.46429777547908     
           5           7   1.43872692892440     
           6           7  0.183553672898182     
           1           8  0.811476992742807     
           1           9  0.845050853725795     
           2          10  0.969630651578434     
           2          11  0.969366947682457     
           3          12  0.972877516130013     
           3          13  0.971888223636152     
           4          14  0.950884125436261     
           4          15  0.977702008456370     
           1          16  0.839044659944665     
          17          18  0.851438332197085     
          17          19  0.852400796412556     
          20          21  0.871820143603939     
          20          22  0.859549791447053     
          23          24  0.867804610605956     
          23          25  0.867418847461256     
          26          27  0.849688223226717     
          26          28  0.868165179358575     
          29          31  0.855630178162040     
          30          31  0.868112227848566     
          32          34  0.851750538301960     
          33          34  0.871627015965249     
          35          36  0.862219694606703     
          35          37  0.868687319838421     
          38          39  0.867146499072206     
          38          40  0.864942414900096     
