   -0.19728229
   -0.02609345
   -0.07793211
   -0.10433716
    0.36215563
   -0.65848221
   -0.61825346
    0.28008031
    0.29551978
    0.11771899
    0.07637656
    0.06999134
    0.07301141
    0.03813399
    0.02483136
    0.28724449
   -0.67811239
    0.34968720
    0.33561897
   -0.66699678
    0.35736926
    0.35083506
   -0.70479872
    0.36596700
    0.35855397
   -0.69029105
    0.35271183
    0.33936420
   -0.68967795
    0.34255865
    0.35733684
   -0.70029214
    0.32996741
    0.35060230
   -0.68512210
    0.33293233
    0.34910292
