    0.07151258
   -0.01854145
    0.28916934
    0.11587948
   -0.18966525
    0.05164872
   -0.12096835
   -0.62864945
    0.36245502
    0.29093267
   -0.64222911
    0.30710285
    0.09117699
   -0.69215078
    0.32102979
    0.32790194
   -0.68890347
    0.34949663
    0.34545765
   -0.67696128
    0.35447963
    0.33072727
   -0.68547973
    0.35099506
    0.33077874
   -0.66885839
    0.36431375
    0.35241917
   -0.68081035
    0.34752127
    0.33821898
   -0.71449553
    0.35501148
    0.35948410
