           1           2  0.974277202443529     
           2           4  0.961057996386832     
           2           5  0.978096161922428     
           3           5  0.903939098527746     
           2           7   1.00906833277717     
           6           7  0.973912594236832     
           7           9  0.944617553037142     
           8           9   1.41433257427321     
           5          10  0.829739158964191     
           8          11  0.202001381215076     
           9          11   1.53658677934675     
           5          12  0.818769584635218     
           7          13  0.945136984950803     
          14          15  0.839247258746198     
          14          16  0.891551370426268     
          17          18  0.872167061369239     
          17          19  0.833537898724636     
          20          21  0.868046282794292     
          20          22  0.840959986241643     
          23          24  0.871682433821047     
          23          25  0.837637128025291     
          26          27  0.859015010020224     
          26          28  0.817876442717836     
          29          30  0.876323740634865     
          29          31  0.838852253098202     
          32          33  0.873817453714990     
          32          34  0.870621953204092     
