           1           2  0.938326932374633     
           2           3   1.46051976031852     
           2           4   1.47747369069821     
           3           4  0.193329855709372     
           1           5   1.00754303735017     
           5           6  0.988731420630533     
           1           7  0.956293677219565     
           1           8  0.965171755410772     
           5           9  0.965110812567240     
           5          10  0.971160826634537     
           6          11  0.807694868306747     
           6          12  0.817095686411199     
           6          13  0.903620317793650     
          14          15  0.824651645997086     
          14          16  0.866688871516336     
          17          18  0.838179742722832     
          17          19  0.849038223059884     
          20          21  0.867104879968236     
          20          22  0.842431458064243     
          23          24  0.866167006424376     
          23          25  0.867848465876976     
          26          27  0.849186378734238     
          26          28  0.870993510538597     
          29          30  0.869320391021115     
          29          31  0.844984945415614     
          32          33  0.830767447883813     
          32          34  0.867030660782889     
