   -0.18486198
   -0.06170972
   -0.08431417
   -0.12906742
    0.36234353
   -0.64399317
   -0.61175651
    0.30378512
    0.31505932
    0.13177665
    0.10448698
    0.04338340
    0.09170752
    0.10781012
    0.05204711
    0.29916402
   -0.65242203
    0.33378606
    0.32137165
   -0.70144710
    0.34147766
    0.32896074
   -0.69812860
    0.33152509
    0.36615189
   -0.67772123
    0.33490670
    0.35371697
   -0.65945677
    0.33626742
    0.35390434
   -0.69782430
    0.32985943
    0.35835161
   -0.70099404
    0.32639230
    0.36500434
   -0.65638956
    0.34190096
    0.36111155
   -0.69271529
    0.33669348
    0.33533103
   -0.70535845
    0.37436099
    0.32826438
   -0.68905723
    0.32824225
    0.34485551
   -0.65541191
    0.32197582
    0.34184047
   -0.63827251
    0.33997594
    0.34903805
   -0.71623569
    0.34893631
    0.33768936
   -0.69260902
    0.32655032
    0.36207920
   -0.67407621
    0.32955960
    0.37916231
   -0.71094418
    0.33917699
    0.36038137
   -0.69668745
    0.35032243
    0.32714852
   -0.70720823
    0.34217573
    0.34185535
   -0.69620401
    0.33959178
    0.34759600
   -0.69473228
    0.34461424
    0.34412703
   -0.69391929
    0.33421595
    0.34000893
   -0.68377870
    0.33758940
    0.35621074
   -0.67819842
    0.32488757
    0.32483633
   -0.67550024
    0.31758083
    0.33742178
   -0.64492108
    0.32892691
    0.34014670
   -0.66397211
    0.32443675
    0.32302621
   -0.69023301
    0.36296782
    0.35654337
   -0.65670203
    0.33594084
    0.31985437
   -0.67348020
    0.32147326
    0.34988131
   -0.67634474
    0.34908321
    0.33837922
   -0.68683581
    0.32769551
    0.34315747
   -0.69943537
    0.33594431
    0.34591131
   -0.68637897
    0.34242831
    0.33175184
   -0.69682363
    0.34860217
    0.32923531
   -0.64996383
    0.31752257
    0.33055005
   -0.68741843
    0.35021241
    0.32366344
   -0.66899067
    0.32455990
    0.33193438
   -0.71049360
    0.33472024
    0.35495181
   -0.68703394
    0.32830545
    0.34182202
   -0.70602125
    0.32754674
    0.36359193
   -0.69961843
    0.33976718
    0.34592916
   -0.69321613
    0.33582381
    0.35635880
   -0.68492716
    0.35976257
    0.35167574
   -0.70595530
    0.35029924
    0.33048067
   -0.64013981
    0.34346488
    0.34138847
   -0.68956916
    0.33009708
    0.37172544
   -0.70088881
    0.34880518
    0.35293315
   -0.68544458
    0.34419946
    0.35535450
   -0.66211508
    0.31361010
    0.36092789
