           1           2  0.986672046849631     
           2           3   1.01252362405743     
           3           4  0.976558897488943     
           4           5  0.977686902481740     
           5           6   1.43926592272880     
           5           7   1.42763255452290     
           6           7  0.178246417210156     
           1           8  0.872382998224960     
           1           9  0.819619270500056     
           2          10  0.945003190655928     
           2          11  0.952854148168291     
           3          12  0.971984876530447     
           3          13  0.960429787676904     
           4          14  0.944969281522689     
           4          15  0.967806701202223     
           1          16  0.848865259467976     
          17          18  0.863772259926852     
          17          19  0.834818199109191     
          20          21  0.829311015361337     
          20          22  0.855781469798589     
          23          24  0.880378193344392     
          23          25  0.772655026324992     
          26          27  0.854837790587498     
          26          28  0.808058600283757     
          29          30  0.877194552911267     
          29          31  0.840929731683050     
          32          33  0.837725585736673     
          32          34  0.814196670629100     
          35          36  0.890154614169838     
          35          37  0.771897104756310     
          38          39  0.833412162368858     
          38          40  0.821339978270957     
          41          42  0.824514471685986     
          41          43  0.845506966118408     
          44          45  0.762329114512328     
          44          46  0.845251237597261     
          47          48  0.848683093884530     
          47          49  0.822581429266196     
          50          51  0.860348468611473     
          50          52  0.816304628034512     
          53          54  0.842417570562334     
          53          55  0.815790594446676     
          56          57  0.855401097196302     
          56          58  0.828409221127865     
          59          60  0.869086390446490     
          59          61  0.782983738229619     
          62          63  0.854735007504514     
          62          64  0.803844208297056     
          65          66  0.856405794767113     
          65          67  0.801295370178510     
          68          69  0.811761252771172     
          68          70  0.879096437444152     
          71          72  0.817285387330216     
          71          73  0.819637647124651     
          74          75  0.826406655392277     
          74          76  0.876138709286342     
          77          78  0.850616027865316     
          77          79  0.847275788379728     
          80          81  0.837429642048674     
          80          82  0.834302365015021     
          83          84  0.818010877930025     
          83          85  0.867919967140619     
          86          87  0.856168377156727     
          86          88  0.821446864237500     
          89          90  0.877164693145218     
          89          91  0.844308812278108     
          92          93  0.842163596968695     
          92          94  0.824009829017173     
          95          96  0.839107215723689     
          95          97  0.846034881521471     
          98          99  0.827003473216662     
          98         100  0.802587693943397     
         101         102  0.820661780458813     
         101         103  0.876808765414956     
         104         105  0.882925535328029     
         104         106  0.833554627238054     
         107         108  0.840619035129474     
         107         109  0.882494020347648     
         110         111  0.846452875341670     
         110         112  0.852583350558519     
         113         114  0.823423108124303     
         113         115  0.815376071967971     
         116         117  0.843813275373807     
         116         118  0.838741734048659     
         119         120  0.803400899558717     
         119         121  0.884007646150839     
         122         123  0.854153270687180     
         122         124  0.823710636128553     
         125         126  0.824787599920485     
         125         127  0.863505410517662     
         128         129  0.847521098079174     
         128         130  0.847337684522906     
         131         132  0.849630041989248     
         131         133  0.829654197406399     
         134         135  0.813554362037899     
         134         136  0.878892827249221     
         137         138  0.840587275679125     
         137         139  0.800265197161170     
         140         141  0.862485824000303     
         140         142  0.824693656785862     
         143         144  0.850477652120884     
         143         145  0.869824284514092     
         146         147  0.816821610236299     
         146         148  0.857569059235889     
         149         150  0.808736136432566     
         149         151  0.841084800203498     
         152         153  0.822613413719610     
         152         154  0.850436666466023     
         155         156  0.886274318613792     
          53         157  0.101701425099718     
         155         157  0.754154809775892     
         158         159  0.840877768183753     
         158         160  0.846953531465260     
         161         162  0.833071353776246     
         161         163  0.838083225005719     
         164         165  0.894110503648152     
         164         166  0.794666794998810     
