   -0.12012012
    0.36577877
   -0.64630489
   -0.62056290
   -0.01471101
   -0.18879574
    0.07569009
    0.08898306
    0.08288338
    0.07983922
    0.30461580
    0.30608778
    0.29088765
   -0.68107464
    0.35122345
    0.31398417
   -0.68768506
    0.32124094
    0.31705818
   -0.69441777
    0.35434184
    0.31754884
   -0.66823024
    0.35304668
    0.34144148
   -0.65340874
    0.33405004
    0.36207741
   -0.68003222
    0.35745010
    0.32684712
   -0.69230256
    0.34593744
    0.35663245
