           1           2  0.946409091523357     
           2           3   1.41719550936476     
           2           4   1.52231496499065     
           3           4  0.199000586509264     
           1           5   1.01427343734761     
           5           6  0.987124107570533     
           1           7  0.957968409944430     
           1           8  0.951218458392019     
           5           9  0.970018990721608     
           5          10  0.970709166359985     
           6          11  0.822767500224561     
           6          12  0.808660600384560     
           6          13  0.902048938237998     
          14          15  0.871844861433988     
          14          16  0.838170403008694     
          17          18  0.866585986124308     
          17          19  0.860388393992608     
          20          21  0.872459269243909     
          20          22  0.839364222475911     
          23          24  0.823582825072222     
          23          25  0.878928961177186     
          26          27  0.836211645744902     
          26          28  0.861558695085128     
          29          30  0.868502509113879     
          29          31  0.845337728971511     
          32          33  0.841659103122864     
          32          34  0.869317627391031     
