   -0.11706800
    0.36222319
   -0.67669424
   -0.65962524
   -0.01146018
   -0.19210747
    0.04485830
    0.05901334
    0.08048247
    0.07134799
    0.29113709
    0.29493090
    0.29233953
   -0.66950712
    0.35287348
    0.33196928
   -0.67579043
    0.34781731
    0.35287179
   -0.65285098
    0.35836826
    0.34081863
   -0.68958264
    0.34816945
    0.34752434
   -0.69624391
    0.36326753
    0.35867498
   -0.68158678
    0.33235357
    0.34906278
   -0.67798001
    0.35760465
    0.36278812
