           1           2  0.921490660042400     
           2           3   1.48581069750267     
           2           4   1.49295279462756     
           3           4  0.210624542542293     
           1           5   1.01416974594455     
           5           6  0.992046726527838     
           1           7  0.975019687950724     
           1           8  0.958639319250176     
           5           9  0.967408088754986     
           5          10  0.972930051130118     
           6          11  0.828925830035386     
           6          12  0.819911759956096     
           6          13  0.840153439235103     
          14          15  0.839514296007356     
          14          16  0.856221768483568     
          17          18  0.838428392285797     
          17          19  0.868909423852673     
          20          21  0.867312770023856     
          20          22  0.842570126234446     
          23          24  0.874468719868459     
          23          25  0.812173814401989     
          26          27  0.864966073461356     
          26          28  0.867989099752871     
          29          30  0.858382252695301     
          29          31  0.836295634679774     
          32          33  0.869234894824233     
          32          34  0.864181444929175     
