   -0.19912813
   -0.02498579
   -0.07659113
   -0.10383043
    0.36229768
   -0.64833628
   -0.62062569
    0.30090523
    0.27416185
    0.10540023
    0.08828921
    0.07455221
    0.05187800
    0.04705460
    0.02540560
    0.28584866
   -0.65382962
    0.33915885
    0.33798589
   -0.66844411
    0.34625662
    0.32539001
   -0.69481582
    0.36135301
    0.35773720
   -0.70142500
    0.35820167
    0.35870754
   -0.70132918
    0.35770072
    0.32814404
   -0.69455144
    0.35828490
    0.36038395
   -0.69618489
    0.32834306
    0.35063679
