           1           2  0.977916530482378     
           2           3   1.01192840059384     
           3           4   1.00262094921761     
           4           5  0.942685426245561     
           5           6   1.53305406265293     
           5           7   1.41059354750420     
           6           7  0.195592982058480     
           1           8  0.803072143538800     
           1           9  0.912039885436583     
           2          10  0.962252193220404     
           2          11  0.969037122651999     
           3          12  0.965836035404126     
           3          13  0.973532892853000     
           4          14  0.955661117105190     
           4          15  0.977454614016271     
           1          16  0.806638907108344     
          17          18  0.848380237527717     
          17          19  0.850052975197543     
          20          21  0.876516479314054     
          20          22  0.859291247730579     
          23          24  0.866479423979595     
          23          25  0.869686567149838     
          26          27  0.869347018616261     
          26          28  0.868613415428724     
          29          30  0.871950613966477     
          29          31  0.869876457531933     
          32          33  0.869295421182952     
          32          34  0.868021413725673     
          35          36  0.862488936953621     
          35          37  0.876255641666643     
