   -0.12743480
    0.36443227
   -0.66830015
   -0.64917823
   -0.02101002
   -0.17015045
    0.06994978
    0.08753922
    0.10131390
    0.09034216
    0.30886900
    0.28792652
    0.31002335
   -0.68577450
    0.34268996
    0.32992531
   -0.69165373
    0.34832202
    0.34357037
   -0.67270993
    0.35063098
    0.32349353
   -0.69764569
    0.36696576
    0.35142223
   -0.67383836
    0.33911529
    0.31469829
   -0.66041454
    0.36297640
    0.33656153
   -0.65696471
    0.32950955
    0.31479769
