           1           2  0.936436549555726     
           2           3   1.45701354788305     
           2           4   1.49550041843054     
           3           4  0.201728801679658     
           1           5   1.01703690283752     
           5           6  0.975160928234829     
           1           7  0.956224131929505     
           1           8  0.949579672861907     
           5           9  0.964021223628953     
           5          10  0.965610918621359     
           6          11  0.832886288379266     
           6          12  0.903204857314092     
           6          13  0.859984884662174     
          14          15  0.875321660201776     
          14          16  0.829376209220654     
          17          18  0.876162182682589     
          17          19  0.844147247954615     
          20          21  0.872869665693218     
          20          22  0.862892966535525     
          23          24  0.862491420470133     
          23          25  0.874161143841786     
          26          27  0.847682659150383     
          26          28  0.848471795608361     
          29          30  0.861153010243692     
          29          31  0.842108293300368     
          32          33  0.860391188381980     
          32          34  0.877612836688972     
