   -0.18128532
   -0.03268962
   -0.06826898
   -0.10446935
    0.36238411
   -0.64611491
   -0.67020852
    0.28370454
    0.28320289
    0.11144579
    0.10253707
    0.05196934
    0.04444759
    0.04480144
    0.03723442
    0.32918930
   -0.69452260
    0.30446678
    0.34518376
   -0.69537677
    0.34531295
    0.35155224
   -0.66855669
    0.34887135
    0.32729181
   -0.63594837
    0.35489604
    0.34823150
   -0.71127333
    0.34639558
    0.33520443
   -0.68210808
    0.35376338
    0.35851059
   -0.69603691
    0.35297159
    0.36329097
