           1           2  0.980792393461023     
           2           3   1.00958373190039     
           3           4   1.00432544032324     
           4           5  0.934171989992554     
           5           6   1.51558357047704     
           5           7   1.44348852797288     
           6           7  0.203255975634181     
           1           8  0.905439251465990     
           1           9  0.904830195664640     
           2          10  0.961684637746194     
           2          11  0.966146499998412     
           3          12  0.972868114492655     
           3          13  0.975526357456309     
           4          14  0.974639302945192     
           4          15  0.961221588648125     
           1          16  0.756001622001792     
          17          18  0.845483618753846     
          17          19  0.880101758266533     
          20          21  0.839072627676686     
          20          22  0.873897238210320     
          23          24  0.874076771244420     
          23          25  0.859729023328817     
          16          26  0.124185289025210     
          26          27  0.832766488272639     
          26          28  0.834367810653257     
          29          30  0.879834798867635     
          29          31  0.846180411841711     
          32          33  0.871926934308809     
          32          34  0.869397318579757     
          35          36  0.872752747541831     
          35          37  0.864271632614382     
