   -0.18371685
   -0.01607843
   -0.07553679
   -0.10049590
    0.35885328
   -0.64970105
   -0.68971235
    0.28808875
    0.30471000
    0.08010641
    0.06865900
    0.05233209
    0.07949768
    0.02910138
    0.02556755
    0.28887020
   -0.67534882
    0.34291028
    0.34560783
   -0.69712876
    0.35658001
    0.35496230
   -0.68305089
    0.36592012
    0.35353038
   -0.64131900
    0.33487238
    0.34372613
   -0.67775289
    0.36288924
    0.36507213
   -0.68658418
    0.35373374
    0.36055477
   -0.69962958
    0.32257814
    0.33733170
