           1           2  0.990643105444491     
           2           3   1.00885736634095     
           3           4   1.00974265086388     
           4           5  0.926460301304167     
           5           6   1.49877737427905     
           5           7   1.47492644977804     
           6           7  0.209640797478507     
           1           8  0.853085009808219     
           1           9  0.808437665957413     
           2          10  0.970288822159812     
           2          11  0.971384572005134     
           3          12  0.974134431349143     
           3          13  0.966978732379917     
           4          14  0.969469797382488     
           4          15  0.966135805569872     
           1          16  0.853824790482991     
          17          18  0.877835430456817     
          17          19  0.846531716517540     
          20          21  0.870472209607799     
          20          22  0.872040950952057     
          23          24  0.862799357313637     
          23          25  0.871660982746672     
          26          27  0.848192174540109     
          26          28  0.841150256381333     
          29          30  0.863406822320672     
          29          31  0.865023106495227     
          32          33  0.872276879326753     
          32          34  0.866191561517853     
          35          36  0.874916138316784     
          35          37  0.850288205072360     
