   -0.17971114
   -0.02665647
   -0.07685111
   -0.10637066
    0.36535177
   -0.64375515
   -0.60597036
    0.29921428
    0.28450689
    0.09957260
    0.08882085
    0.06232840
    0.06672353
    0.04298552
    0.05549863
    0.29226358
   -0.70367603
    0.36589241
    0.35895677
   -0.67343403
    0.34356210
    0.34979207
   -0.69431569
    0.35121201
    0.32479311
   -0.68561094
    0.31603549
    0.35088664
   -0.71772438
    0.35392483
    0.33430533
   -0.67313258
    0.35366797
    0.33729279
   -0.66439507
    0.32511719
    0.32889884
