           1           2  0.978237455837125     
           2           3   1.01045201348125     
           3           4   1.00893215870248     
           4           5  0.953297775553007     
           5           6   1.49093881167377     
           5           7   1.42954553695042     
           6           7  0.189377194415784     
           1           8  0.845924636718977     
           1           9  0.893636530843120     
           2          10  0.970107124394422     
           2          11  0.969642734854264     
           3          12  0.972225723368891     
           3          13  0.971047779336331     
           4          14  0.963120820943249     
           4          15  0.951705793303067     
           1          16  0.809212828377740     
          17          18  0.863701784610492     
          17          19  0.869165075591058     
          20          21  0.851869145063286     
          20          22  0.875435686427524     
          23          24  0.875793270157421     
          23          25  0.864053733822740     
          26          27  0.846684680277409     
          26          28  0.873766173291815     
          29          30  0.874504694787469     
          29          31  0.847252831315686     
          32          33  0.866711321962258     
          32          34  0.832474684520307     
          35          36  0.862784253441682     
          35          37  0.847491590672669     
