    0.08385160
   -0.01858125
    0.29163323
    0.11110446
   -0.18837927
    0.05019493
   -0.12143512
   -0.63284397
    0.36312143
    0.29600603
   -0.65230384
    0.29062064
    0.07766203
   -0.69659502
    0.36308166
    0.35776900
   -0.71416807
    0.35525645
    0.35891146
   -0.67922918
    0.35487829
    0.32355645
   -0.70340225
    0.33169571
    0.35333753
   -0.67292204
    0.36236056
    0.37366459
   -0.69209349
    0.34603697
    0.32721044
   -0.72019451
    0.36297791
    0.35721664
