           1           2  0.970734918041393     
           2           4  0.960757227920781     
           2           5  0.975077977883888     
           3           5  0.903066643279738     
           2           7   1.01009053903178     
           6           7  0.973959107858147     
           7           9  0.938342181972837     
           8           9   1.43518255771853     
           5          10  0.804771746130419     
           8          11  0.202836579242847     
           9          11   1.52396733156446     
           5          12  0.849674914653393     
           7          13  0.949102307837875     
          14          15  0.865792227678652     
          14          16  0.869778071685760     
          17          18  0.873693827293049     
          17          19  0.871077199610578     
          20          21  0.870755571003141     
          20          22  0.859116801779481     
          23          24  0.856587733563520     
          23          25  0.873969317049439     
          26          27  0.865868729816725     
          26          28  0.856199450284917     
          29          30  0.879540655522730     
          29          31  0.859797414113129     
          32          33  0.868072875658438     
          32          34  0.872222437803911     
